0.0027563356
0.0055985480
0.0057861642
0.0059800677
0.0061804692
0.0063875866
0.0066016446
0.0068228759
0.0070515212
0.0072878288
0.0075320556
0.0077844666
0.0080453364
0.0083149484
0.0085935950
0.0088815798
0.0091792154
0.0094868256
0.0098047442
0.010133316
0.010472900
0.010823863
0.011186588
0.011561468
0.011948911
0.012349338
0.012763184
0.013190898
0.013632946
0.014089807
0.014561978
0.015049974
0.015554323
0.016075572
0.016614289
0.017171061
0.017746489
0.018341202
0.018955844
0.019591085
0.020247612
0.020926142
0.021627410
0.022352179
0.023101235
0.023875395
0.024675496
0.025502410
0.026357037
0.027240303
0.028153168
0.029096626
0.030071700
0.031079448
0.032120969
0.033197395
0.034309891
0.035459669
0.036647979
0.037876112
0.039145398
0.040457222
0.041813007
0.043214227
0.044662403
0.046159110
0.047705974
0.049304677
0.050956954
0.052664603
0.054429476
0.056253492
0.058138635  
0.060086953  
0.062100561
0.064181649
0.066332479
0.068555383
0.070852780
0.073227167
0.075681128
0.078217320
0.080838504
0.083547529
0.086347340
0.089240977
0.092231581
0.095322404
0.098516812
0.10181827
0.10523036
0.10875679
0.11240140
0.11616815
0.12006113
0.12408457
0.12824283
0.13254045
0.13698209
0.14157258
0.14631689
0.15122020
0.15628782
0.16152528
0.16693824
0.17253261
0.17831444
0.18429004
0.19046589
0.19684871
0.20344542
0.21026319
0.21730944
0.22459183
0.23211826
0.23989690
0.24793622
0.25624495
0.26483213
0.27370707
0.28287943
0.29235916
0.30215657
0.31228232
0.32274738
0.33356315
0.34474138
0.35629421
0.36823419
0.38057429
0.39332794
0.40650898
0.42013174
0.43421100
0.44876209
0.46380084
0.47934351
0.49540706
0.51200894
0.52916716
0.54690039
0.56522787  
0.58416955
0.60374600
0.62397847
0.64488897
0.66650022
0.68883570
0.71191966
0.73577720
0.76043425
0.78591759
0.81225494
0.83947487
0.86760698
0.89668187
0.92673109
0.95778729
0.98988424
1.0230568
1.0573411
1.0927742
1.1293948
1.1672426
1.2063588
1.2467857
1.2885674
1.3317494
1.3763784
1.4225030
1.4701734
1.5194412
1.5703600
1.6229852
1.6773741
1.7335856
1.7916808
1.8517227
1.9137769
1.9779106
2.0441934
2.1126976
2.1834974
2.2566699
2.3322945
2.4104532
2.4912313
2.5747165
2.6609992
2.7501734
2.8423361
2.9375873
3.0360305
3.1377727
3.2429243
3.3515998
3.4639171
3.5799985
3.6999699
