0.026851219
0.080553659
0.13425609
0.18795853
0.24166097
0.29536341
0.34906585
0.40276829
0.45647072
0.51017316
0.56387560
0.61757804
0.67128048
0.72498292
0.77868535
0.83238779
0.88609023
0.93979267
0.99349509
1.0471975
1.1009000
1.1546024
1.2083048
1.2620073
1.3157097
1.3694122
1.4231146
1.4768170
1.5305195
1.5842219
1.6379244
1.6916268
1.7453292
1.7990317
1.8527341
1.9064366
1.9601390
2.0138414
2.0675438
2.1212463
2.1749487
2.2286512
2.2823536
2.3360560
2.3897585
2.4434609
2.4971634
2.5508658
2.6045682
2.6582707
2.7119731
2.7656756
2.8193780
2.8730804
2.9267829
2.9804853
3.0341878
3.0878902
3.1415927
3.1952951
3.2489975
3.3027000
3.3564024
3.4101048
3.4638072
3.5175097
3.5712122
3.6249146
3.6786170
3.7323194
3.7860219
3.8397244
3.8934268
3.9471292
4.0008317
4.0545341
4.1082365
4.1619389
4.2156414
4.2693438
4.3230462
4.3767487
4.4304511
4.4841536
4.5378560
4.5915584
4.6452609
4.6989633
4.7526658
4.8063682
4.8600706
4.9137731
4.9674755
5.0211780
5.0748804
5.1285828
5.1822853
5.2359877
5.2896902
5.3433926
5.3970950
5.4507975
5.5044999
5.5582024
5.6119048
5.6656072
5.7193096
5.7730121
5.8267145
5.8804169
5.9341194
5.9878218
6.0415243
6.0952267
6.1489291
6.2026316
6.2563341
