0.069211335
0.16400076
0.21515696
0.26631317
0.31746937
0.36862556
0.41978178
0.47093799
0.52209417
0.57325038
0.62440658
0.67556277
0.72671899
0.77787519
0.82903138
0.88018760
0.93134379
0.98249999
1.0336562
1.0848124
1.1359686
1.1871248
1.2382810
1.2894372
1.3405934
1.3917496
1.4429059
1.4940620
1.5452183
1.5963744
1.6475306
1.6986869
1.7498430
1.8009992
1.8521555
1.9033117
1.9544678
2.0056240
2.0567803
2.1079365
2.1590926
2.2102489
2.2614051
2.3125613
2.3637175
2.4148737
2.4660299
2.5171861
2.5683423
2.6194985
2.6706547
2.7218110
2.7729671
2.8241232
2.8752796
2.9264357
2.9775919
3.0723813
