       0.0000000
     0.053702438
      0.10740488
      0.16110731
      0.21480975
      0.26851219
      0.32221463
      0.37591707
      0.42961950
      0.48332194
      0.53702438
      0.59072682
      0.64442926
      0.69813170
      0.75183413
      0.80553657
      0.85923901
      0.91294145
      0.96664389
       1.0203463
       1.0740488
       1.1277512
       1.1814536
       1.2351561
       1.2888585
       1.3425610
       1.3962634
       1.4499658
       1.5036683
       1.5573707
       1.6110731
       1.6647756
       1.7184780
       1.7721805
       1.8258829
       1.8795853
       1.9332878
       1.9869902
       2.0406926
       2.0943951
       2.1480975
       2.2018000
       2.2555024
       2.3092048
       2.3629073
       2.4166097
       2.4703122
       2.5240146
       2.5777170
       2.6314195
       2.6851219
       2.7388243
       2.7925268
       2.8462292
       2.8999317
       2.9536341
       3.0073365
       3.0610390
       3.1147414
       3.1684439
       3.2221463
       3.2758487
       3.3295512
       3.3832536
       3.4369560
       3.4906585
       3.5443609
       3.5980634
       3.6517658
       3.7054682
       3.7591707
       3.8128731
       3.8665756
       3.9202780
       3.9739804
       4.0276829
       4.0813853
       4.1350877
       4.1887902
       4.2424926
       4.2961950
       4.3498975
       4.4035999
       4.4573024
       4.5110048
       4.5647072
       4.6184097
       4.6721121
       4.7258146
       4.7795170
       4.8332194
       4.8869219
       4.9406243
       4.9943267
       5.0480292
       5.1017316
       5.1554341
       5.2091365
       5.2628389
       5.3165414
       5.3702438
       5.4239463
       5.4776487
       5.5313511
       5.5850536
       5.6387560
       5.6924584
       5.7461609
       5.7998633
       5.8535657
       5.9072682
       5.9609706
       6.0146731
       6.0683755
       6.1220779
       6.1757804
       6.2294828
       6.2831853
