       0.0000000
      0.13842267
      0.18957886
      0.24073507
      0.29189128
      0.34304747
      0.39420366
      0.44535989
      0.49651608
      0.54767227
      0.59882850
      0.64998466
      0.70114088
      0.75229710
      0.80345327
      0.85460949
      0.90576571
      0.95692188
       1.0080781
       1.0592343
       1.1103905
       1.1615467
       1.2127029
       1.2638592
       1.3150153
       1.3661715
       1.4173278
       1.4684839
       1.5196401
       1.5707964
       1.6219525
       1.6731087
       1.7242650
       1.7754211
       1.8265773
       1.8777336
       1.9288897
       1.9800459
       2.0312021
       2.0823584
       2.1335146
       2.1846707
       2.2358270
       2.2869833
       2.3381393
       2.3892956
       2.4404519
       2.4916079
       2.5427642
       2.5939205
       2.6450765
       2.6962328
       2.7473891
       2.7985451
       2.8497014
       2.9008577
       2.9520137
       3.0031700
       3.1415927
