  1.41007e-05
   0.00518948
   0.00536455
   0.00554553
   0.00573261
   0.00592600
   0.00612592
   0.00633258
   0.00654621
   0.00676706
   0.00699535
   0.00723134
   0.00747529
   0.00772748
   0.00798817
   0.00825765
   0.00853623
   0.00882421
   0.00912190
   0.00942963
   0.00974774
    0.0100766
    0.0104165
    0.0107679
    0.0111312
    0.0115067
    0.0118949
    0.0122962
    0.0127110
    0.0131398
    0.0135831
    0.0140413
    0.0145150
    0.0150047
    0.0155109
    0.0160342
    0.0165751
    0.0171343
    0.0177123
    0.0183098
    0.0189275
    0.0195661
    0.0202261
    0.0209085
    0.0216138
    0.0223430
    0.0230967
    0.0238759
    0.0246814
    0.0255140
    0.0263748
    0.0272645
    0.0281843
    0.0291351
    0.0301180
    0.0311341
    0.0321844
    0.0332702
    0.0343926
    0.0355528
    0.0367522
    0.0379921
    0.0392738
    0.0405987
    0.0419683
    0.0433841
    0.0448477
    0.0463607
    0.0479247
    0.0495415
    0.0512128
    0.0529405
    0.0547264
    0.0565727
    0.0584812
    0.0604541
    0.0624935
    0.0646018
    0.0667812
    0.0690341
    0.0713630
    0.0737705
    0.0762592
    0.0788318
    0.0814913
    0.0842404
    0.0870823
    0.0900201
    0.0930570
    0.0961963
    0.0994416
     0.102796
     0.106264
     0.109849
     0.113555
     0.117386
     0.121346
     0.125439
     0.129671
     0.134046
     0.138568
     0.143243
     0.148075
     0.153070
     0.158234
     0.163572
     0.169091
     0.174795
     0.180692
     0.186788
     0.193089
     0.199603
     0.206337
     0.213298
     0.220493
     0.227932
     0.235621
     0.243570
     0.251787
     0.260281
     0.269062
     0.278139
     0.287522
     0.297222
     0.307249
     0.317614
     0.328329
     0.339406
     0.350856
     0.362692
     0.374927
     0.387576
     0.400651
     0.414167
     0.428139
     0.442583
     0.457514
     0.472948
     0.488904
     0.505397
     0.522447
     0.540072
     0.558292
     0.577126
     0.596596
     0.616722
     0.637528
     0.659035
     0.681268
     0.704251
     0.728009
     0.752569
     0.777958
     0.804203
     0.831333
     0.859378
     0.888370
     0.918340
     0.949321
     0.981347
      1.01445
      1.04868
      1.08405
      1.12063
      1.15843
      1.19751
      1.23791
      1.27967
      1.32284
      1.36747
      1.41360
      1.46129
      1.51059
      1.56155
      1.61423
      1.66868
      1.72498
      1.78317
      1.84333
      1.90551
      1.96980
      2.03625
      2.10494
      2.17596
      2.24936
      2.32525
      2.40369
      2.48478
      2.56861
      2.65526
      2.74484
      2.83743
      2.93316
      3.03211
      3.13440
      3.24014
      3.34945
      3.46244
      3.57925
      3.70000
