     1.e-3
     0.011668332
     0.012059356
     0.012463485
     0.012881156
     0.013312824
     0.013758958
     0.014220041
     0.014696577
     0.015189083
     0.015698093
     0.016224161
     0.016767858
     0.017329776
     0.017910523
     0.018510732
     0.019131056
     0.019772168
     0.020434766
     0.021119566
     0.021827315
     0.022558783
     0.023314764
     0.024096078
     0.024903575
     0.025738134
     0.026600659
     0.027492089
     0.028413393
     0.029365569
     0.030349656
     0.031366719
     0.032417871
     0.033504244
     0.034627022
     0.035787430
     0.036986720
     0.038226203
     0.039507224
     0.040831173
     0.042199490
     0.043613661
     0.045075225
     0.046585767
     0.048146927
     0.049760409
     0.051427959
     0.053151388
     0.054932576
     0.056773453
     0.058676020
     0.060642348
     0.062674570
     0.064774891
     0.066945596
     0.069189052
     0.071507685
     0.073904018
     0.076380661
     0.078940299
     0.081585713
     0.084319773
     0.087145466
     0.090065842
     0.093084094
     0.096203485
     0.099427416
      0.10275939
      0.10620301
      0.10976205
      0.11344035
      0.11724191
      0.12117086
      0.12523149
      0.12942820
      0.13376554
      0.13824824
      0.14288116
      0.14766932
      0.15261795
      0.15773242
      0.16301829
      0.16848128
      0.17412735
      0.17996263
      0.18599347
      0.19222641
      0.19866821
      0.20532589
      0.21220669
      0.21931807
      0.22666777
      0.23426376
      0.24211431
      0.25022793
      0.25861347
      0.26728002
      0.27623698
      0.28549412
      0.29506149
      0.30494945
      0.31516877
      0.32573058
      0.33664634
      0.34792788
      0.35958748
      0.37163783
      0.38409199
      0.39696351
      0.41026640
      0.42401508
      0.43822449
      0.45291006
      0.46808781
      0.48377417
      0.49998621
      0.51674150
      0.53405833
      0.55195550
      0.57045238
      0.58956914
      0.60932654
      0.62974601
      0.65084979
      0.67266079
      0.69520268
      0.71850006
      0.74257809
      0.76746310
      0.79318194
      0.81976274
      0.84723430
      0.87562645
      0.90497007
      0.93529699
      0.96664031
      0.99903397
       1.0325131
       1.0671143
       1.1028749
       1.1398340
       1.1780317
       1.2175093
       1.2583100
       1.3004779
       1.3440590
       1.3891005
       1.4356515
       1.4837625
       1.5334856
       1.5848751
       1.6379868
       1.6928783
       1.7496094
       1.8082414
       1.8688385
       1.9314662
       1.9961927
       2.0630882
       2.1322255
       2.2036798
       2.2775286
       2.3538522
       2.4327334
       2.5142581
       2.5985149
       2.6855952
       2.7755937
       2.8686083
       2.9647398
       3.0640929
       3.1667756
       3.2728990
       3.3825791
       3.4959347
       3.6130891
       3.7341693
       3.8593071
       3.9886386
       4.1223042
       4.2604492
       4.4032233
       4.5507822
       4.7032864
       4.8609007
       5.0237973
       5.1921523
       5.3661499
       5.5459779
       5.7318320
       5.9239147
       6.1224348
       6.3276071
       6.5396552
       6.7588094
       6.9853076
       7.2193962
       7.4613295
       7.7113706
       7.9697905
