 262
  0.
  1.37931034
  2.75862069
  4.13793103
  5.51724138
  6.89655172
  8.27586207
  9.65517241
  11.0344828
  12.4137931
  13.7931034
  15.1724138
  16.5517241
  17.9310345
  19.3103448
  20.6896552
  22.0689655
  23.4482759
  24.8275862
  26.2068966
  27.5862069
  28.9655172
  30.3448276
  31.7241379
  33.1034483
  34.4827586
  35.862069
  37.2413793
  38.6206897
  40.
  41.3793103
  42.7586207
  44.137931
  45.5172414
  46.8965517
  48.2758621
  49.6551724
  51.0344828
  52.4137931
  53.7931034
  55.1724138
  56.5517241
  57.9310345
  59.3103448
  60.6896552
  62.0689655
  63.4482759
  64.8275862
  66.2068966
  67.5862069
  68.9655172
  70.3448276
  71.7241379
  73.1034483
  74.4827586
  75.862069
  77.2413793
  78.6206897
  80.
  81.3793103
  82.7586207
  84.137931
  85.5172414
  86.8965517
  88.2758621
  89.6551724
  91.0344828
  92.4137931
  93.7931034
  95.1724138
  96.5517241
  97.9310345
  99.3103448
  100.689655
  102.068966
  103.448276
  104.827586
  106.206897
  107.586207
  108.965517
  110.344828
  111.724138
  113.103448
  114.482759
  115.862069
  117.241379
  118.62069
  120.
  121.37931
  122.758621
  124.137931
  125.517241
  126.896552
  128.275862
  129.655172
  131.034483
  132.413793
  133.793103
  135.172414
  136.551724
  137.931034
  139.310345
  140.689655
  142.068966
  143.448276
  144.827586
  146.206897
  147.586207
  148.965517
  150.344828
  151.724138
  153.103448
  154.482759
  155.862069
  157.241379
  158.62069
  160.
  161.37931
  162.758621
  164.137931
  165.517241
  166.896552
  168.275862
  169.655172
  171.034483
  172.413793
  173.793103
  175.172414
  176.551724
  177.931034
  179.310345
  180.689655
  182.068966
  183.448276
  184.827586
  186.206897
  187.586207
  188.965517
  190.344828
  191.724138
  193.103448
  194.482759
  195.862069
  197.241379
  198.62069
  200.
  201.37931
  202.758621
  204.137931
  205.517241
  206.896552
  208.275862
  209.655172
  211.034483
  212.413793
  213.793103
  215.172414
  216.551724
  217.931034
  219.310345
  220.689655
  222.068966
  223.448276
  224.827586
  226.206897
  227.586207
  228.965517
  230.344828
  231.724138
  233.103448
  234.482759
  235.862069
  237.241379
  238.62069
  240.
  241.37931
  242.758621
  244.137931
  245.517241
  246.896552
  248.275862
  249.655172
  251.034483
  252.413793
  253.793103
  255.172414
  256.551724
  257.931034
  259.310345
  260.689655
  262.068966
  263.448276
  264.827586
  266.206897
  267.586207
  268.965517
  270.344828
  271.724138
  273.103448
  274.482759
  275.862069
  277.241379
  278.62069
  280.
  281.37931
  282.758621
  284.137931
  285.517241
  286.896552
  288.275862
  289.655172
  291.034483
  292.413793
  293.793103
  295.172414
  296.551724
  297.931034
  299.310345
  300.689655
  302.068966
  303.448276
  304.827586
  306.206897
  307.586207
  308.965517
  310.344828
  311.724138
  313.103448
  314.482759
  315.862069
  317.241379
  318.62069
  320.
  321.37931
  322.758621
  324.137931
  325.517241
  326.896552
  328.275862
  329.655172
  331.034483
  332.413793
  333.793103
  335.172414
  336.551724
  337.931034
  339.310345
  340.689655
  342.068966
  343.448276
  344.827586
  346.206897
  347.586207
  348.965517
  350.344828
  351.724138
  353.103448
  354.482759
  355.862069
  357.241379
  358.62069
  360.
