 600 = number of grid points in r
 index     r/rstar  r(au)
 1  1.  206295.438
 2  2.99953371  618790.125
 3  3.03697017  626513.062
 4  3.07487386  634332.438
 5  3.11325062  642249.375
 6  3.15210636  650265.125
 7  3.19144704  658380.938
 8  3.23127872  666598.062
 9  3.27160754  674917.688
 10  3.31243968  683341.188
 11  3.35378145  691869.812
 12  3.39563919  700504.875
 13  3.43801935  709247.688
 14  3.48092844  718099.625
 15  3.52437307  727062.062
 16  3.56835992  736136.375
 17  3.61289577  745323.938
 18  3.65798745  754626.125
 19  3.70364191  764044.438
 20  3.74986618  773580.25
 21  3.79666736  783235.125
 22  3.84405265  793010.5
 23  3.89202935  802907.875
 24  3.94060483  812928.812
 25  3.98978657  823074.75
 26  4.03958214  833347.375
 27  4.08999919  843748.188
 28  4.14104549  854278.812
 29  4.19272889  864940.812
 30  4.24505733  875735.938
 31  4.29803887  886665.812
 32  4.35168166  897732.062
 33  4.40599395  908936.438
 34  4.4609841  920280.688
 35  4.51666057  931766.438
 36  4.57303193  943395.625
 37  4.63010684  955169.938
 38  4.68789409  967091.125
 39  4.74640257  979161.188
 40  4.80564128  991381.875
 41  4.86561934  1003755.06
 42  4.92634596  1016282.69
 43  4.9878305  1028966.69
 44  5.05008242  1041808.94
 45  5.11311128  1054811.5
 46  5.1769268  1067976.38
 47  5.24153878  1081305.5
 48  5.30695716  1094801.
 49  5.37319202  1108465.
 50  5.44025354  1122299.5
 51  5.50815204  1136306.62
 52  5.57689796  1150488.62
 53  5.64650188  1164847.62
 54  5.71697452  1179385.75
 55  5.7883267  1194105.38
 56  5.86056942  1209008.75
 57  5.93371377  1224098.12
 58  6.00777103  1239375.75
 59  6.08275258  1254844.12
 60  6.15866995  1270505.5
 61  6.23553483  1286362.38
 62  6.31335904  1302417.12
 63  6.39215456  1318672.25
 64  6.4719335  1335130.38
 65  6.55270815  1351793.75
 66  6.63449093  1368665.25
 67  6.71729442  1385747.12
 68  6.80113135  1403042.38
 69  6.88601464  1420553.38
 70  6.97195733  1438283.
 71  7.05897266  1456233.88
 72  7.147074  1474408.75
 73  7.23627491  1492810.5
 74  7.32658912  1511441.88
 75  7.41803052  1530305.88
 76  7.51061318  1549405.25
 77  7.60435134  1568743.
 78  7.69925942  1588322.12
 79  7.79535202  1608145.5
 80  7.89264394  1628216.38
 81  7.99115013  1648537.75
 82  8.09088576  1669112.75
 83  8.19186616  1689944.62
 84  8.29410687  1711036.38
 85  8.39762363  1732391.38
 86  8.50243235  1754013.
 87  8.60854916  1775904.38
 88  8.7159904  1798069.
 89  8.82477258  1820510.25
 90  8.93491245  1843231.62
 91  9.04642694  1866236.62
 92  9.15933322  1889528.62
 93  9.27364866  1913111.38
 94  9.38939084  1936988.5
 95  9.50657757  1961163.62
 96  9.62522688  1985640.38
 97  9.74535703  2010422.62
 98  9.86698649  2035514.25
 99  9.99013397  2060919.
 100  10.1148184  2086640.88
 101  10.2410591  2112683.75
 102  10.3688753  2139051.75
 103  10.4982867  2165748.75
 104  10.6293133  2192778.75
 105  10.7619752  2220146.25
 106  10.8962928  2247855.5
 107  11.0322868  2275910.5
 108  11.1699782  2304315.5
 109  11.309388  2333075.
 110  11.4505377  2362193.75
 111  11.5934491  2391675.75
 112  11.7381442  2421525.5
 113  11.8846451  2451748.
 114  12.0329745  2482347.75
 115  12.1831552  2513329.25
 116  12.3352102  2544697.5
 117  12.489163  2576457.25
 118  12.6450373  2608613.5
 119  12.8028569  2641171.
 120  12.9626463  2674134.75
 121  13.12443  2707510.
 122  13.2882329  2741301.75
 123  13.4540801  2775515.25
 124  13.6219972  2810155.75
 125  13.7920101  2845228.75
 126  13.9641449  2880739.25
 127  14.138428  2916693.25
 128  14.3148863  2953095.75
 129  14.493547  2989952.5
 130  14.6744375  3027269.5
 131  14.8575856  3065052.
 132  15.0430196  3103306.25
 133  15.2307679  3142038.
 134  15.4208594  3181253.
 135  15.6133235  3220957.25
 136  15.8081896  3261157.25
 137  16.0054878  3301859.
 138  16.2052485  3343068.75
 139  16.4075023  3384792.75
 140  16.6122804  3427037.5
 141  16.8196143  3469809.75
 142  17.0295358  3513115.5
 143  17.2420774  3556961.75
 144  17.4572716  3601355.5
 145  17.6751516  3646303.
 146  17.8957509  3691811.75
 147  18.1191035  3737888.25
 148  18.3452437  3784540.
 149  18.5742063  3831774.
 150  18.8060265  3879597.5
 151  19.04074  3928017.75
 152  19.2783829  3977042.5
 153  19.5189917  4026679.
 154  19.7626036  4076935.
 155  20.0092559  4127818.25
 156  20.2589866  4179336.5
 157  20.5118341  4231498.
 158  20.7678374  4284310.
 159  21.0270358  4337781.5
 160  21.2894692  4391920.5
 161  21.5551779  4446735.
 162  21.8242029  4502233.5
 163  22.0965856  4558425.
 164  22.3723677  4615317.5
 165  22.6515919  4672920.
 166  22.934301  4731241.5
 167  23.2205385  4790291.
 168  23.5103484  4850077.5
 169  23.8037754  4910610.
 170  24.1008646  4971898.5
 171  24.4016617  5033951.5
 172  24.706213  5096779.
 173  25.0145653  5160390.5
 174  25.3267661  5224796.5
 175  25.6428634  5290005.5
 176  25.9629058  5356029.
 177  26.2869426  5422876.5
 178  26.6150236  5490558.
 179  26.9471993  5559084.
 180  27.2835208  5628466.
 181  27.6240399  5698713.5
 182  27.9688089  5769837.5
 183  28.3178809  5841849.5
 184  28.6713096  5914760.5
 185  29.0291493  5988581.
 186  29.3914551  6063323.
 187  29.7582828  6138998.
 188  30.1296888  6215617.5
 189  30.5057302  6293193.
 190  30.8864649  6371736.5
 191  31.2719514  6451261.
 192  31.6622491  6531777.5
 193  32.0574181  6613299.
 194  32.457519  6695838.
 195  32.8626135  6779407.
 196  33.2727639  6864019.5
 197  33.6880333  6949687.5
 198  34.1084855  7036425.
 199  34.5341853  7124245.
 200  34.9651982  7213161.
 201  35.4015904  7303186.5
 202  35.8434292  7394336.
 203  36.2907824  7486623.
 204  36.7437189  7580061.5
 205  37.2023085  7674666.5
 206  37.6666215  7770452.
 207  38.1367296  7867433.5
 208  38.6127049  7965625.
 209  39.0946208  8065042.
 210  39.5825514  8165699.5
 211  40.0765717  8267614.
 212  40.5767578  8370800.
 213  41.0831865  8475274.
 214  41.5959359  8581052.
 215  42.1150848  8688150.
 216  42.6407131  8796584.
 217  43.1729016  8906373.
 218  43.7117322  9017531.
 219  44.2572878  9130076.
 220  44.8096524  9244027.
 221  45.3689109  9359399.
 222  45.9351494  9476212.
 223  46.5084549  9594482.
 224  47.0889158  9714228.
 225  47.6766212  9835469.
 226  48.2716617  9958223.
 227  48.8741287  10082510.
 228  49.4841149  10208347.
 229  50.1017143  10335755.
 230  50.7270217  10464753.
 231  51.3601335  10595361.
 232  52.001147  10727599.
 233  52.6501608  10861488.
 234  53.3072748  10997047.
 235  53.9725901  11134299.
 236  54.646209  11273264.
 237  55.3282352  11413962.
 238  56.0187737  11556417.
 239  56.7179305  11700650.
 240  57.4258134  11846683.
 241  58.1425312  11994539.
 242  58.8681941  12144240.
 243  59.6029139  12295809.
 244  60.3468036  12449270.
 245  61.0999775  12604646.
 246  61.8625516  12761962.
 247  62.6346433  12921241.
 248  63.4163712  13082508.
 249  64.2078557  13245788.
 250  65.0092185  13411105.
 251  65.820583  13578486.
 252  66.6420739  13747956.
 253  67.4738176  13919541.
 254  68.3159421  14093267.
 255  69.1685769  14269162.
 256  70.0318533  14447252.
 257  70.9059041  14627564.
 258  71.7908636  14810128.
 259  72.6868681  14994969.
 260  73.5940555  15182118.
 261  74.5125652  15371602.
 262  75.4425386  15563451.
 263  76.3841188  15757695.
 264  77.3374506  15954363.
 265  78.3026808  16153486.
 266  79.2799577  16355093.
 267  80.2694318  16559217.
 268  81.2712553  16765889.
 269  82.2855823  16975140.
 270  83.3125689  17187002.
 271  84.3523731  17401510.
 272  85.4051548  17618694.
 273  86.471076  17838588.
 274  87.5503007  18061228.
 275  88.642995  18286646.
 276  89.7493269  18514876.
 277  90.8694667  18745956.
 278  92.0035867  18979920.
 279  93.1518613  19216804.
 280  94.3144673  19456644.
 281  95.4915835  19699478.
 282  96.6833911  19945342.
 283  97.8900732  20194276.
 284  99.1118157  20446316.
 285  100.348806  20701500.
 286  101.601236  20959872.
 287  102.869296  21221466.
 288  104.153183  21486326.
 289  105.453094  21754492.
 290  106.769229  22026004.
 291  108.10179  22300906.
 292  109.450983  22579238.
 293  110.817014  22861044.
 294  112.200094  23146368.
 295  113.600437  23435252.
 296  115.018257  23727742.
 297  116.453772  24023882.
 298  117.907203  24323718.
 299  119.378775  24627296.
 300  120.868713  24934664.
 301  122.377246  25245868.
 302  123.904607  25560954.
 303  125.451031  25879976.
 304  127.016755  26202976.
 305  128.602021  26530010.
 306  130.207071  26861124.
 307  131.832155  27196372.
 308  133.47752  27535804.
 309  135.143421  27879470.
 310  136.830113  28227428.
 311  138.537857  28579728.
 312  140.266915  28936424.
 313  142.017553  29297572.
 314  143.79004  29663228.
 315  145.584649  30033448.
 316  147.401656  30408288.
 317  149.24134  30787808.
 318  151.103985  31172062.
 319  152.989878  31561114.
 320  154.899308  31955020.
 321  156.832569  32353844.
 322  158.789959  32757644.
 323  160.771778  33166484.
 324  162.778332  33580428.
 325  164.809929  33999536.
 326  166.866882  34423876.
 327  168.949508  34853512.
 328  171.058126  35288512.
 329  173.193061  35728940.
 330  175.354642  36174864.
 331  177.543201  36626352.
 332  179.759075  37083476.
 333  182.002605  37546308.
 334  184.274136  38014912.
 335  186.574017  38489368.
 336  188.902603  38969744.
 337  191.260251  39456116.
 338  193.647324  39948560.
 339  196.06419  40447148.
 340  198.51122  40951960.
 341  200.988791  41463072.
 342  203.497283  41980560.
 343  206.037084  42504512.
 344  208.608583  43035000.
 345  211.212177  43572108.
 346  213.848266  44115920.
 347  216.517254  44666520.
 348  219.219554  45223992.
 349  221.955581  45788424.
 350  224.725755  46359896.
 351  227.530503  46938504.
 352  230.370257  47524332.
 353  233.245453  48117472.
 354  236.156533  48718016.
 355  239.103946  49326052.
 356  242.088145  49941680.
 357  245.109589  50564988.
 358  248.168743  51196080.
 359  251.266077  51835044.
 360  254.402069  52481984.
 361  257.5772  53137000.
 362  260.791959  53800192.
 363  264.046841  54471660.
 364  267.342346  55151504.
 365  270.678981  55839840.
 366  274.057261  56536764.
 367  277.477704  57242384.
 368  280.940836  57956812.
 369  284.447191  58680156.
 370  287.997308  59412532.
 371  291.591734  60154044.
 372  295.23102  60904812.
 373  298.915727  61664952.
 374  302.646423  62434576.
 375  306.42368  63213808.
 376  310.24808  64002764.
 377  314.120212  64801568.
 378  318.040671  65610340.
 379  322.01006  66429204.
 380  326.02899  67258296.
 381  330.09808  68097728.
 382  334.217955  68947640.
 383  338.389249  69808160.
 384  342.612604  70679416.
 385  346.888669  71561552.
 386  351.218103  72454688.
 387  355.601572  73358984.
 388  360.03975  74274560.
 389  364.533319  75201560.
 390  369.082972  76140136.
 391  373.689408  77090416.
 392  378.353336  78052568.
 393  383.075473  79026720.
 394  387.856546  80013032.
 395  392.69729  81011656.
 396  397.598451  82022744.
 397  402.560781  83046448.
 398  407.585046  84082936.
 399  412.672017  85132352.
 400  417.822477  86194872.
 401  423.037219  87270648.
 402  428.317045  88359848.
 403  433.662767  89462648.
 404  439.075208  90579208.
 405  444.5552  91709712.
 406  450.103587  92854312.
 407  455.721221  94013208.
 408  461.408969  95186568.
 409  467.167703  96374568.
 410  472.998311  97577392.
 411  478.901689  98795232.
 412  484.878746  100028272.
 413  490.930401  101276704.
 414  497.057586  102540712.
 415  503.261242  103820496.
 416  509.542325  105116256.
 417  515.9018  106428184.
 418  522.340646  107756488.
 419  528.859854  109101376.
 420  535.460427  110463040.
 421  542.14338  111841704.
 422  548.909741  113237576.
 423  555.760552  114650864.
 424  562.696866  116081792.
 425  569.71975  117530584.
 426  576.830286  118997456.
 427  584.029566  120482632.
 428  591.318698  121986352.
 429  598.698805  123508832.
 430  606.171021  125050312.
 431  613.736496  126611040.
 432  621.396394  128191240.
 433  629.151893  129791160.
 434  637.004186  131411056.
 435  644.954482  133051168.
 436  653.004004  134711744.
 437  661.153991  136393056.
 438  669.405695  138095344.
 439  677.760386  139818880.
 440  686.219351  141563920.
 441  694.78389  143330752.
 442  703.45532  145119616.
 443  712.234977  146930832.
 444  721.124211  148764640.
 445  730.124389  150621328.
 446  739.236896  152501200.
 447  748.463134  154404528.
 448  757.804523  156331616.
 449  767.262499  158282752.
 450  776.838518  160258240.
 451  786.534053  162258384.
 452  796.350595  164283488.
 453  806.289656  166333872.
 454  816.352763  168409856.
 455  826.541466  170511728.
 456  836.857331  172639840.
 457  847.301946  174794528.
 458  857.876918  176976096.
 459  868.583874  179184896.
 460  879.424461  181421248.
 461  890.400346  183685520.
 462  901.513219  185978064.
 463  912.764789  188299216.
 464  924.156787  190649328.
 465  935.690966  193028768.
 466  947.3691  195437920.
 467  959.192986  197877136.
 468  971.164443  200346800.
 469  983.285313  202847280.
 470  995.557461  205378960.
 471  1007.98277  207942240.
 472  1020.56317  210537520.
 473  1033.30057  213165184.
 474  1046.19695  215825648.
 475  1059.25428  218519328.
 476  1072.47458  221246608.
 477  1085.85987  224007936.
 478  1099.41223  226803728.
 479  1113.13373  229634400.
 480  1127.02648  232500416.
 481  1141.09263  235402208.
 482  1155.33433  238340208.
 483  1169.75378  241314864.
 484  1184.3532  244326656.
 485  1199.13483  247376048.
 486  1214.10094  250463488.
 487  1229.25384  253589456.
 488  1244.59587  256754448.
 489  1260.12937  259958944.
 490  1275.85674  263203424.
 491  1291.7804  266488400.
 492  1307.9028  269814368.
 493  1324.22642  273181856.
 494  1340.75377  276591392.
 495  1357.4874  280043456.
 496  1374.42987  283538624.
 497  1391.5838  287077376.
 498  1408.95183  290660320.
 499  1426.53662  294288000.
 500  1444.34088  297960928.
 501  1462.36735  301679712.
 502  1480.6188  305444896.
 503  1499.09805  309257088.
 504  1517.80793  313116864.
 505  1536.75133  317024800.
 506  1555.93115  320981504.
 507  1575.35036  324987584.
 508  1595.01193  329043680.
 509  1614.91889  333150400.
 510  1635.0743  337308352.
 511  1655.48127  341518240.
 512  1676.14293  345780640.
 513  1697.06247  350096256.
 514  1718.2431  354465696.
 515  1739.68808  358889696.
 516  1761.40071  363368928.
 517  1783.38433  367904032.
 518  1805.64232  372495776.
 519  1828.17811  377144800.
 520  1850.99516  381851840.
 521  1874.09698  386617664.
 522  1897.48714  391442944.
 523  1921.16922  396328448.
 524  1945.14687  401274912.
 525  1969.42378  406283136.
 526  1994.00369  411353856.
 527  2018.89037  416487872.
 528  2044.08765  421685952.
 529  2069.59942  426948928.
 530  2095.42959  432277568.
 531  2121.58215  437672704.
 532  2148.0611  443135200.
 533  2174.87054  448665856.
 534  2202.01457  454265568.
 535  2229.49739  459935136.
 536  2257.32321  465675488.
 537  2285.49632  471487456.
 538  2314.02105  477371968.
 539  2342.90179  483329952.
 540  2372.14298  489362272.
 541  2401.74913  495469888.
 542  2431.72479  501653728.
 543  2462.07456  507914752.
 544  2492.80312  514253920.
 545  2523.9152  520672192.
 546  2555.41558  527170560.
 547  2587.3091  533750048.
 548  2619.60069  540411648.
 549  2652.29529  547156416.
 550  2685.39795  553985344.
 551  2718.91376  560899520.
 552  2752.84787  567899968.
 553  2787.2055  574987776.
 554  2821.99194  582164032.
 555  2857.21255  589429888.
 556  2892.87273  596786432.
 557  2928.97798  604234816.
 558  2965.53385  611776128.
 559  3002.54597  619411520.
 560  3040.02002  627142272.
 561  3077.96178  634969472.
 562  3116.37708  642894400.
 563  3155.27184  650918208.
 564  3194.65203  659042112.
 565  3234.52371  667267456.
 566  3274.89302  675595456.
 567  3315.76618  684027456.
 568  3357.14946  692564608.
 569  3399.04923  701208320.
 570  3441.47195  709959936.
 571  3484.42413  718820800.
 572  3527.91239  727792256.
 573  3571.94342  736875648.
 574  3616.52399  746072384.
 575  3661.66096  755383936.
 576  3707.36127  764811712.
 577  3753.63195  774357120.
 578  3800.48013  784021696.
 579  3847.91301  793806912.
 580  3895.93789  803714176.
 581  3944.56215  813745152.
 582  3993.79328  823901312.
 583  4043.63886  834184256.
 584  4094.10654  844595520.
 585  4145.2041  855136704.
 586  4196.9394  865809472.
 587  4249.32039  876615424.
 588  4302.35514  887556224.
 589  4356.0518  898633600.
 590  4410.41864  909849216.
 591  4465.46401  921204864.
 592  4521.1964  932702208.
 593  4577.62436  944343040.
 594  4634.75659  956129152.
 595  4692.60187  968062336.
 596  4751.16911  980144512.
 597  4810.46731  992377472.
 598  4870.5056  1.00476307E+09
 599  4931.29321  1.0173033E+09
 600  4992.83949  1.03E+09
