 131 = number of grid points in theta
 index  thet(rad)  thet(deg)    cost     tan**2(thet)
 1  0.  0.  1.  0.
 2  0.110090002  6.30769253  0.993946195  0.0122184111
 3  0.13291353  7.61538458  0.991180003  0.0178761687
 4  0.155737072  8.92307663  0.987897456  0.0246516671
 5  0.178560615  10.2307692  0.984100342  0.032574065
 6  0.201384142  11.5384617  0.979790628  0.0416778177
 7  0.224207684  12.8461542  0.974970579  0.0520030148
 8  0.247031212  14.1538458  0.969642639  0.063595742
 9  0.269854754  15.4615383  0.963809609  0.0765085369
 10  0.292678297  16.7692299  0.957474589  0.0908009261
 11  0.315501839  18.0769234  0.950640798  0.106539994
 12  0.338325351  19.3846149  0.94331181  0.123801105
 13  0.361148894  20.6923084  0.935491502  0.142668694
 14  0.383972436  22.  0.927183867  0.163237184
 15  0.406795979  23.3076916  0.918393254  0.185612082
 16  0.429619521  24.6153851  0.909124315  0.209911123
 17  0.452443033  25.9230766  0.899381757  0.236265734
 18  0.475266576  27.2307701  0.889170766  0.264822662
 19  0.498090118  28.5384617  0.878496587  0.29574585
 20  0.520913661  29.8461533  0.867364824  0.329218477
 21  0.543737173  31.1538467  0.855781257  0.365445733
 22  0.566560745  32.4615402  0.843751907  0.404657483
 23  0.589384258  33.7692299  0.831283092  0.447111875
 24  0.61220777  35.0769234  0.81838125  0.493099213
 25  0.635031343  36.3846169  0.805053115  0.542946756
 26  0.657854855  37.6923065  0.791305602  0.597024202
 27  0.680678427  39.  0.777145982  0.655750155
 28  0.70350194  40.3076935  0.762581468  0.719600201
 29  0.726325452  41.6153831  0.747619808  0.789115667
 30  0.749149024  42.9230766  0.732268691  0.864915252
 31  0.771972537  44.2307701  0.716536105  0.947707951
 32  0.794796109  45.5384598  0.700430334  1.03830945
 33  0.817619622  46.8461533  0.683959663  1.13766181
 34  0.840443134  48.1538467  0.667132735  1.24685717
 35  0.863266706  49.4615402  0.649958372  1.36716723
 36  0.886090219  50.7692299  0.632445395  1.50008035
 37  0.908913791  52.0769234  0.614602983  1.6473459
 38  0.931737304  53.3846169  0.596440434  1.81103253
 39  0.954560816  54.6923065  0.577967167  1.99359906
 40  0.977384388  56.  0.559192896  2.19798708
 41  1.0002079  57.3076935  0.540127337  2.42773843
 42  1.02303147  58.6153831  0.520780444  2.68714905
 43  1.04585505  59.9230766  0.501162231  2.98146868
 44  1.0686785  61.2307701  0.481283009  3.317168
 45  1.09150207  62.5384598  0.46115309  3.70229411
 46  1.11432564  63.8461533  0.440782934  4.14695597
 47  1.1371491  65.1538467  0.420183182  4.66399193
 48  1.15997267  66.4615402  0.399364591  5.26990414
 49  1.18279624  67.7692337  0.37833795  5.98618698
 50  1.20561969  69.0769196  0.357114226  6.84125662
 51  1.22844326  70.384613  0.335704505  7.87330961
 52  1.25126684  71.6923065  0.314119905  9.13465691
 53  1.27409041  73.  0.29237169  10.6984768
 54  1.29691386  74.3076935  0.270471185  12.6696672
 55  1.31973743  75.615387  0.248429805  15.2028952
 56  1.34256101  76.9230804  0.226259008  18.5338688
 57  1.36538446  78.2307663  0.203970343  23.0362072
 58  1.38820803  79.5384598  0.181575447  29.3309326
 59  1.4110316  80.8461533  0.159085959  38.512661
 60  1.43385506  82.1538467  0.136513606  52.6596794
 61  1.45667863  83.4615402  0.113870151  76.1223373
 62  1.4795022  84.7692337  0.0911673829  119.315353
 63  1.50232577  86.0769196  0.0684171245  212.634018
 64  1.52514923  87.384613  0.0456312224  479.259308
 65  1.5479728  88.6923065  0.0228215549  1919.03674
 66  1.57079637  90.  0. -1.
 67  1.59361982  91.3076935 -0.0228215549  1919.03674
 68  1.6164434  92.615387 -0.0456312224  479.259308
 69  1.63926697  93.9230804 -0.0684171245  212.634018
 70  1.66209042  95.2307663 -0.0911673829  119.315353
 71  1.68491399  96.5384598 -0.113870151  76.1223373
 72  1.70773757  97.8461533 -0.136513606  52.6596794
 73  1.73056114  99.1538467 -0.159085959  38.512661
 74  1.75338459  100.46154 -0.181575447  29.3309326
 75  1.77620816  101.769234 -0.203970343  23.0362072
 76  1.79903173  103.07692 -0.226259008  18.5338688
 77  1.82185519  104.384613 -0.248429805  15.2028952
 78  1.84467876  105.692307 -0.270471185  12.6696672
 79  1.86750233  107. -0.29237169  10.6984768
 80  1.89032578  108.307693 -0.314119905  9.13465691
 81  1.91314936  109.615387 -0.335704505  7.87330961
 82  1.93597293  110.92308 -0.357114226  6.84125662
 83  1.9587965  112.230766 -0.37833795  5.98618698
 84  1.98161995  113.53846 -0.399364591  5.26990414
 85  2.00444341  114.846153 -0.420183182  4.66399193
 86  2.02726698  116.153847 -0.440782934  4.14695597
 87  2.05009055  117.46154 -0.46115309  3.70229411
 88  2.07291412  118.769234 -0.481283009  3.317168
 89  2.0957377  120.07692 -0.501162231  2.98146868
 90  2.11856127  121.384613 -0.520780444  2.68714905
 91  2.14138484  122.692307 -0.540127337  2.42773843
 92  2.16420817  124. -0.559192896  2.19798708
 93  2.18703175  125.307693 -0.577967167  1.99359906
 94  2.20985532  126.615387 -0.596440434  1.81103253
 95  2.23267889  127.92308 -0.614602983  1.6473459
 96  2.25550246  129.230774 -0.632445395  1.50008035
 97  2.27832603  130.538467 -0.649958372  1.36716723
 98  2.30114961  131.846161 -0.667132735  1.24685717
 99  2.32397294  133.153839 -0.683959663  1.13766181
 100  2.34679651  134.461533 -0.700430334  1.03830945
 101  2.36962008  135.769226 -0.716536105  0.947707951
 102  2.39244366  137.07692 -0.732268691  0.864915252
 103  2.41526723  138.384613 -0.747619808  0.789115667
 104  2.4380908  139.692307 -0.762581468  0.719600201
 105  2.46091413  141. -0.777145982  0.655750155
 106  2.48373771  142.307693 -0.791305602  0.597024202
 107  2.50656128  143.615387 -0.805053115  0.542946756
 108  2.52938485  144.92308 -0.81838125  0.493099213
 109  2.55220842  146.230774 -0.831283092  0.447111875
 110  2.575032  147.538467 -0.843751907  0.404657483
 111  2.59785557  148.846161 -0.855781257  0.365445733
 112  2.6206789  150.153839 -0.867364824  0.329218477
 113  2.64350247  151.461533 -0.878496587  0.29574585
 114  2.66632605  152.769226 -0.889170766  0.264822662
 115  2.68914962  154.07692 -0.899381757  0.236265734
 116  2.71197319  155.384613 -0.909124315  0.209911123
 117  2.73479676  156.692307 -0.918393254  0.185612082
 118  2.75762033  158. -0.927183867  0.163237184
 119  2.78044367  159.307693 -0.935491502  0.142668694
 120  2.80326724  160.615387 -0.94331181  0.123801105
 121  2.82609081  161.92308 -0.950640798  0.106539994
 122  2.84891438  163.230774 -0.957474589  0.0908009261
 123  2.87173796  164.538467 -0.963809609  0.0765085369
 124  2.89456153  165.846161 -0.969642639  0.063595742
 125  2.91738486  167.153839 -0.974970579  0.0520030148
 126  2.94020844  168.461533 -0.979790628  0.0416778177
 127  2.96303201  169.769226 -0.984100342  0.032574065
 128  2.98585558  171.07692 -0.987897456  0.0246516671
 129  3.00867915  172.384613 -0.991180003  0.0178761687
 130  3.03150272  173.692307 -0.993946195  0.0122184111
 131  3.14159274  180. -1.  0.
