  -3.359    -2.457    -2.405     4.595
  -4.073    -2.414    -2.404     4.896
  -4.749    -2.697    -2.693     4.996
  -4.959    -2.883    -2.879     5.050
  -5.074    -4.023    -3.986     5.054
  -5.142   -30.000    -5.142     5.054
  -5.234   -30.000    -5.234     5.054
  -5.344   -30.000    -5.344     5.055
  -5.390   -30.000    -5.390     5.055
  -5.276   -30.000    -5.276     5.055
  -4.795   -30.000    -4.795     5.056
  -4.159   -30.000    -4.159     5.058
  -3.935   -30.000    -3.935     5.063
  -3.812   -30.000    -3.812     5.068
  -3.697   -30.000    -3.697     5.076
  -3.708   -30.000    -3.708     5.083
  -3.961   -30.000    -3.961     5.087
  -4.066   -30.000    -4.066     5.090
  -4.114   -30.000    -4.114     5.093
  -4.140   -30.000    -4.140     5.095
  -4.156   -30.000    -4.156     5.097
  -4.153   -30.000    -4.153     5.100
  -4.127   -30.000    -4.127     5.102
  -4.107   -30.000    -4.107     5.105
  -4.081   -30.000    -4.081     5.108
  -4.051   -30.000    -4.051     5.111
  -4.024   -30.000    -4.024     5.114
  -3.975   -30.000    -3.975     5.118
  -3.919   -30.000    -3.919     5.122
  -3.849   -30.000    -3.849     5.126
  -3.816   -30.000    -3.816     5.131
  -3.936   -30.000    -3.936     5.135
  -4.028   -30.000    -4.028     5.138
  -4.101   -30.000    -4.101     5.140
  -4.173   -30.000    -4.173     5.142
  -4.227   -30.000    -4.227     5.144
  -4.268   -30.000    -4.268     5.146
  -4.310   -30.000    -4.310     5.148
  -4.335   -30.000    -4.335     5.149
  -4.354   -30.000    -4.354     5.150
  -4.369   -30.000    -4.369     5.152
  -4.410   -30.000    -4.410     5.153
  -4.416   -30.000    -4.416     5.154
  -4.414   -30.000    -4.414     5.155
  -4.404   -30.000    -4.404     5.156
  -4.424   -30.000    -4.424     5.157
  -4.471   -30.000    -4.471     5.158
  -4.427   -30.000    -4.427     5.160
  -4.399   -30.000    -4.399     5.161
  -4.438   -30.000    -4.438     5.162
  -4.419   -30.000    -4.419     5.163
  -4.419   -30.000    -4.419     5.164
  -4.457   -30.000    -4.457     5.165
  -4.457   -30.000    -4.457     5.166
  -4.435   -30.000    -4.435     5.167
  -4.426   -30.000    -4.426     5.168
  -4.431   -30.000    -4.431     5.170
  -4.429   -30.000    -4.429     5.171
  -4.377   -30.000    -4.377     5.172
  -4.434   -30.000    -4.434     5.173
  -4.436   -30.000    -4.436     5.174
  -4.417   -30.000    -4.417     5.175
  -4.411   -30.000    -4.411     5.176
  -4.403   -30.000    -4.403     5.177
  -4.399   -30.000    -4.399     5.179
  -4.413   -30.000    -4.413     5.180
  -4.321   -30.000    -4.321     5.181
  -4.408   -30.000    -4.408     5.182
  -4.314   -30.000    -4.314     5.184
  -4.403   -30.000    -4.403     5.185
  -4.326   -30.000    -4.326     5.186
  -4.296   -30.000    -4.296     5.187
  -4.381   -30.000    -4.381     5.189
  -4.286   -30.000    -4.286     5.190
  -4.382   -30.000    -4.382     5.191
  -4.381   -30.000    -4.381     5.192
  -4.378   -30.000    -4.378     5.194
  -4.269   -30.000    -4.269     5.195
  -4.362   -30.000    -4.362     5.196
  -4.361   -30.000    -4.361     5.197
  -4.383   -30.000    -4.383     5.199
  -4.390   -30.000    -4.390     5.200
  -4.414   -30.000    -4.414     5.201
  -4.408   -30.000    -4.408     5.202
  -4.411   -30.000    -4.411     5.203
  -4.451   -30.000    -4.451     5.204
  -4.436   -30.000    -4.436     5.205
  -4.474   -30.000    -4.474     5.206
  -4.510   -30.000    -4.510     5.207
  -4.486   -30.000    -4.486     5.207
  -4.498   -30.000    -4.498     5.208
  -4.542   -30.000    -4.542     5.209
  -4.520   -30.000    -4.520     5.210
  -4.615   -30.000    -4.615     5.211
  -4.534   -30.000    -4.534     5.211
  -4.561   -30.000    -4.561     5.212
  -4.540   -30.000    -4.540     5.213
  -4.551   -30.000    -4.551     5.214
  -4.574   -30.000    -4.574     5.214
  -4.582   -30.000    -4.582     5.215
