#######################
   XBIN   YBIN   VEL
#######################
   -5.6   -3.2   43.0
   -5.6   -2.4   63.1
   -5.6   -1.6   86.4
   -5.6   -0.8  113.1
   -5.6    0.0  124.1
   -5.6    0.8  145.9
   -4.8   -4.0   36.9
   -4.8   -3.2   50.0
   -4.8   -2.4   67.7
   -4.8   -1.6   83.7
   -4.8   -0.8   99.9
   -4.8    0.0  127.3
   -4.8    0.8  148.3
   -4.8    1.6  176.4
   -4.8    2.4  190.2
   -4.8    3.2  210.3
   -4.8    4.0  230.5
   -4.0   -4.8   11.5
   -4.0   -4.0   19.7
   -4.0   -3.2   38.9
   -4.0   -2.4   58.9
   -4.0   -1.6   70.0
   -4.0   -0.8   92.4
   -4.0    0.0  118.3
   -4.0    0.8  145.7
   -4.0    1.6  171.9
   -4.0    2.4  192.4
   -4.0    3.2  210.4
   -4.0    4.0  234.1
   -4.0    4.8  229.9
   -3.2   -5.6  -12.8
   -3.2   -4.8   -6.3
   -3.2   -4.0    1.7
   -3.2   -3.2   21.2
   -3.2   -2.4   42.0
   -3.2   -1.6   57.5
   -3.2   -0.8   85.6
   -3.2    0.0  110.5
   -3.2    0.8  137.1
   -3.2    1.6  165.1
   -3.2    2.4  182.0
   -3.2    3.2  196.2
   -3.2    4.0  205.9
   -3.2    4.8  211.3
   -3.2    5.6  202.8
   -2.4   -6.4  -31.2
   -2.4   -5.6  -26.9
   -2.4   -4.8  -15.3
   -2.4   -4.0  -12.9
   -2.4   -3.2    4.4
   -2.4   -2.4   20.4
   -2.4   -1.6   41.9
   -2.4   -0.8   71.7
   -2.4    0.0  101.7
   -2.4    0.8  135.8
   -2.4    1.6  157.6
   -2.4    2.4  165.3
   -2.4    3.2  176.5
   -2.4    4.0  188.7
   -2.4    4.8  199.5
   -2.4    5.6  190.4
   -1.6   -6.4  -48.9
   -1.6   -5.6  -41.8
   -1.6   -4.8  -35.2
   -1.6   -4.0  -35.7
   -1.6   -3.2  -14.5
   -1.6   -2.4    1.7
   -1.6   -1.6   24.1
   -1.6   -0.8   52.0
   -1.6    0.0   89.8
   -1.6    0.8  127.0
   -1.6    1.6  148.1
   -1.6    2.4  156.5
   -1.6    3.2  156.5
   -1.6    4.0  169.1
   -1.6    4.8  178.4
   -1.6    5.6  171.1
   -1.6    6.4  169.2
   -0.8   -7.2  -76.3
   -0.8   -6.4  -72.2
   -0.8   -5.6  -62.7
   -0.8   -4.8  -60.3
   -0.8   -4.0  -61.0
   -0.8   -3.2  -47.3
   -0.8   -2.4  -30.2
   -0.8   -1.6   -5.4
   -0.8   -0.8   27.5
   -0.8    0.0   69.1
   -0.8    0.8  104.3
   -0.8    1.6  129.9
   -0.8    2.4  136.9
   -0.8    3.2  142.1
   -0.8    4.0  149.6
   -0.8    4.8  155.8
   -0.8    5.6  152.2
   -0.8    6.4  144.3
    0.0   -7.2  -88.1
    0.0   -6.4  -89.4
    0.0   -5.6  -82.7
    0.0   -4.8  -84.9
    0.0   -4.0  -83.5
    0.0   -3.2  -71.9
    0.0   -2.4  -54.8
    0.0   -1.6  -41.5
    0.0   -0.8  -19.8
    0.0    0.0   21.7
    0.0    0.8   66.0
    0.0    1.6   87.8
    0.0    2.4  101.4
    0.0    3.2  119.1
    0.0    4.0  125.5
    0.0    4.8  131.0
    0.0    5.6  124.0
    0.0    6.4  124.9
    0.8   -8.0 -114.7
    0.8   -7.2 -105.6
    0.8   -6.4 -103.5
    0.8   -5.6 -106.7
    0.8   -4.8 -112.1
    0.8   -4.0 -111.3
    0.8   -3.2 -100.6
    0.8   -2.4  -85.1
    0.8   -1.6  -76.4
    0.8   -0.8  -60.6
    0.8    0.0  -23.2
    0.8    0.8   16.8
    0.8    1.6   47.4
    0.8    2.4   67.5
    0.8    3.2   92.0
    0.8    4.0   95.2
    0.8    4.8   98.2
    0.8    5.6  101.9
    0.8    6.4  111.2
    0.8    7.2  117.6
    1.6   -8.0 -128.6
    1.6   -7.2 -134.0
    1.6   -6.4 -132.9
    1.6   -5.6 -134.3
    1.6   -4.8 -134.9
    1.6   -4.0 -132.5
    1.6   -3.2 -121.2
    1.6   -2.4 -108.7
    1.6   -1.6  -90.8
    1.6   -0.8  -79.1
    1.6    0.0  -46.8
    1.6    0.8   -8.7
    1.6    1.6   29.5
    1.6    2.4   51.5
    1.6    3.2   62.1
    1.6    4.0   69.6
    1.6    4.8   81.9
    1.6    5.6   75.9
    1.6    6.4   73.7
    2.4   -8.0 -149.3
    2.4   -7.2 -144.2
    2.4   -6.4 -146.5
    2.4   -5.6 -161.1
    2.4   -4.8 -163.1
    2.4   -4.0 -150.4
    2.4   -3.2 -135.7
    2.4   -2.4 -122.6
    2.4   -1.6 -107.2
    2.4   -0.8  -86.5
    2.4    0.0  -58.1
    2.4    0.8  -27.5
    2.4    1.6    1.9
    2.4    2.4   21.4
    2.4    3.2   34.8
    2.4    4.0   55.1
    2.4    4.8   71.2
    2.4    5.6   70.6
    3.2   -8.8 -158.0
    3.2   -8.0 -166.0
    3.2   -7.2 -157.2
    3.2   -6.4 -158.6
    3.2   -5.6 -176.9
    3.2   -4.8 -180.4
    3.2   -4.0 -165.3
    3.2   -3.2 -148.0
    3.2   -2.4 -136.6
    3.2   -1.6 -116.1
    3.2   -0.8  -98.6
    3.2    0.0  -71.5
    3.2    0.8  -41.6
    3.2    1.6  -22.1
    3.2    2.4    5.5
    3.2    3.2   19.5
    3.2    4.0   38.9
    3.2    4.8   49.6
    3.2    5.6   58.9
    4.0   -8.8 -172.9
    4.0   -8.0 -172.5
    4.0   -7.2 -172.1
    4.0   -6.4 -176.5
    4.0   -5.6 -186.5
    4.0   -4.8 -189.0
    4.0   -4.0 -175.0
    4.0   -3.2 -155.8
    4.0   -2.4 -142.9
    4.0   -1.6 -124.0
    4.0   -0.8 -104.7
    4.0    0.0  -71.4
    4.0    0.8  -53.4
    4.0    1.6  -35.0
    4.0    2.4   -1.5
    4.0    3.2    8.3
    4.0    4.0   24.2
    4.0    4.8   36.0
    4.8   -7.2 -181.1
    4.8   -6.4 -187.0
    4.8   -5.6 -185.7
    4.8   -4.8 -191.2
    4.8   -4.0 -179.8
    4.8   -3.2 -160.8
    4.8   -2.4 -146.0
    4.8   -1.6 -126.0
    4.8   -0.8 -105.2
    4.8    0.0  -77.2
    4.8    0.8  -58.2
    4.8    1.6  -42.1
    4.8    2.4  -12.9
    4.8    3.2    0.0
    4.8    4.0    9.3
    5.6   -6.4 -183.2
    5.6   -5.6 -180.5
    5.6   -4.8 -180.3
    5.6   -4.0 -171.4
    5.6   -3.2 -154.7
    5.6   -2.4 -140.3
    5.6   -1.6 -119.0
    5.6   -0.8  -99.1
    5.6    0.0  -85.2
    5.6    0.8  -56.4
    5.6    1.6  -37.7
    5.6    2.4  -20.0
    5.6    3.2   -9.2
    6.4   -5.6 -172.9
    6.4   -4.8 -166.2
    6.4   -4.0 -167.5
    6.4   -3.2 -151.4
    6.4   -2.4 -134.4
    6.4   -1.6 -118.0
    6.4   -0.8  -95.0
    6.4    0.0  -75.2
    6.4    0.8  -58.9
    6.4    1.6  -46.0
    7.2   -4.0 -167.0
    7.2   -3.2 -149.4
    7.2   -2.4 -129.9
    7.2   -1.6 -116.1
    7.2   -0.8  -95.0
    7.2    0.0  -72.4
    8.0   -3.2 -138.6
    8.0   -2.4 -128.6
   -5.6    1.6  177.4
   -5.6    2.4  177.5
    6.4    2.4  -27.4
   -6.4    0.0  118.9
   -6.4   -0.8  113.1
   -4.8   -4.8   20.9
   -4.0   -5.6    2.5
   -6.8    0.8  147.8
   -6.8   -1.6   90.4
    4.8    4.8   24.7
    5.6    4.0    0.2
   -5.6    3.2  193.2
   -5.6   -4.0   42.1
    7.2    0.8  -65.7
   -3.2   -6.4  -22.0
    4.0    5.6   41.6
    6.4    3.2  -15.5
   -6.4    1.6  173.2
   -6.4   -2.4   68.3
    2.4    6.4   65.0
   -1.6   -7.2  -65.9
    7.2    1.6  -51.6
   -6.4   -3.2   51.7
   -6.4    2.4  173.9
   -4.8   -5.6    5.4
   -4.8    4.8  230.4
   -2.4    6.4  185.0
   -2.4   -7.2  -53.1
    3.2    6.4   68.7
    7.2    2.4  -32.2
    5.6    4.8   22.5
   -4.0   -6.4   -9.2
   -5.6   -4.8   22.8
    6.4    4.0   -5.3
    4.8    5.6   33.6
   -5.6    4.0  212.0
   -4.0    5.6  222.7
    0.0   -8.0  -97.4
    8.0   -0.8  -96.1
    8.0    0.0  -83.7
   -7.2   -0.4  123.0
    0.0    7.2  127.8
   -0.8   -8.0  -81.7
   -3.2   -7.2  -38.4
    8.0   -1.6 -111.8
    8.0    0.8  -68.9
    7.2    3.2  -21.9
   -6.4   -4.0   48.0
    4.0    6.4   49.3
    1.6    7.2   99.4
   -0.8    7.2  146.8
   -3.2    6.4  200.2
   -6.4    3.2  187.3
    8.0    1.6  -54.9
   -1.6   -8.0  -70.7
    2.4    7.2   82.3
   -7.2   -2.8   70.6
   -7.2    2.0  156.3
   -1.6    7.2  165.6
   -4.8   -6.4   -0.6
   -6.0   -5.6   21.0
    6.4    5.2   22.3
    5.6    6.0   48.0
   -4.8    5.6  232.6
   -5.6    4.8  222.6
    7.2   -4.8 -171.7
   -2.4   -8.0  -51.6
    8.0    2.8  -30.1
    7.2    4.4  -14.6
   -4.4   -7.2   -8.6
    4.8    6.8   44.4
    3.6    7.2   67.4
   -6.8   -4.8   40.0
   -2.4    7.2  171.9
   -4.0    6.4  216.3
   -6.4    4.0  201.9
    8.0   -4.0 -146.5
    8.8   -0.8  -86.9
    8.8    0.4  -73.6
    0.8   -8.8 -118.0
    0.0   -8.8  -98.8
    6.4   -6.4 -181.1
    8.8   -1.6 -102.3
   -3.6   -8.0  -38.3
    1.6   -8.8 -124.1
   -0.8   -8.8  -81.6
    7.2   -5.6 -174.7
    5.6   -7.2 -183.7
   -7.5   -4.0   57.2
   -5.6   -6.8    6.4
    2.4   -8.8 -137.5
   -8.2   -1.1  111.7
   -8.0    0.4  137.9
   -2.0   -8.8  -59.5
    8.8   -2.8 -131.7
   -7.2    3.6  200.2
    0.4    8.0  128.5
   -3.6    7.2  201.5
    1.6    8.0  106.6
    8.8    2.0  -53.1
   -0.8    8.0  148.7
   -5.6    5.6  229.2
    4.8   -8.0 -182.9
    8.0   -4.8 -162.0
   -6.8    4.8  218.6
   -4.8    6.4  218.0
   -8.0   -2.8   76.6
    2.8    8.0   83.9
   -8.0    2.0  164.7
   -2.0    8.0  167.7
    8.0    4.4  -12.4
    6.4   -7.2 -199.2
    7.2   -6.4 -180.9
    8.8   -4.0 -143.6
   -6.8   -6.4   21.6
   -3.6   -8.8  -34.9
    5.6   -8.0 -192.6
    8.0   -5.6 -175.0
    0.8  -10.0 -110.9
    0.0  -10.0  -94.4
    7.2    6.0    6.7
    9.9   -0.8 -100.1
    8.8    3.6  -26.5
    6.4    6.8   26.7
    9.9    0.0  -90.1
    1.6   -9.6 -129.8
   10.0   -1.6  -99.6
   -0.8  -10.0  -84.1
   -5.2   -8.0  -11.0
   10.0    0.8  -72.5
    2.4   -9.6 -133.4
   -7.6   -5.6   45.3
   10.0   -2.4 -118.2
    4.0    8.4   66.6
    4.8   -8.8 -187.0
    8.8   -5.1 -168.0
    5.6    7.6   42.9
   -1.6  -10.0  -60.5
   10.0    1.6  -58.8
   -6.8    5.6  219.8
   -5.6    6.8  227.7
   -8.0    3.6  196.9
   -3.6    8.0  199.1
    0.4    8.8  135.2
   -9.1    0.5  144.9
   -9.0   -1.9  105.7
   -4.8    7.6  211.9
    2.0    8.8  100.6
   -1.2    8.8  164.3
    7.2   -7.6 -198.4
    9.9   -3.2 -137.8
    3.2   -9.6 -152.3
    8.0   -6.8 -186.2
    6.4   -8.0 -199.9
   10.0    2.4  -53.9
   -2.4  -10.0  -53.3
    4.8    8.4   56.7
   -8.5   -5.0   51.6
   -8.8    2.0  162.9
   -6.8   -7.2    8.3
    8.2    5.9   -4.3
    5.6   -9.1 -188.5
    4.0  -10.0 -163.4
    9.8   -4.3 -143.5
   -9.0   -3.7   71.6
    3.2    9.2   95.7
   -3.2  -10.0  -41.9
    9.8    3.5  -39.2
   -5.2   -8.8  -19.9
   -2.8    8.8  183.3
    9.3    5.0   -6.3
   -6.8    6.4  221.3
    2.0  -10.4 -132.2
    4.8  -10.0 -184.8
    6.8   -8.8 -199.1
    8.8   -6.8 -182.8
   -4.0  -10.0  -37.8
   -8.8    3.6  194.2
   -8.0    5.2  200.2
   -9.8   -0.5  113.8
   -6.7   -8.3    9.8
    3.2  -10.8 -146.6
    0.5    9.8  131.7
    1.9    9.8  103.2
    7.5    7.5   30.8
   -1.1    9.8  155.7
  -10.0   -2.8   83.4
   -8.4   -6.8   30.9
   -9.8    1.9  157.2
   10.0   -5.6 -164.5
    6.6    8.5   40.3
   -4.4    8.8  210.8
   -6.8    7.2  231.4
   -5.1   -9.8  -26.3
   -6.0    8.0  229.0
   -2.7    9.8  179.3
    8.0   -8.4 -206.6
    5.3    9.3   53.9
    0.4  -11.2 -101.3
   11.5   -1.2 -100.2
   11.6    0.4  -71.5
    2.0  -11.2 -133.8
   -1.2  -11.2  -77.2
   10.9   -5.1 -156.8
    3.7   10.1   82.7
    6.4  -10.0 -194.3
   10.0   -6.4 -170.9
   -8.8    5.2  217.1
    9.2    6.8   13.8
   11.6   -2.8 -118.9
   10.8    4.4  -26.4
   11.5    2.0  -57.5
   -9.8    3.5  181.9
   -0.0   11.0  133.6
  -10.8    0.4  132.4
  -11.1   -1.6   96.8
   -9.9   -5.2   49.5
   -8.0    6.8  226.2
   -2.7  -11.4  -55.4
    5.3  -10.9 -194.6
    8.8   -8.4 -202.3
    2.4   11.0  107.8
   -4.3    9.8  207.1
   -1.8   11.1  169.2
   -6.0    8.8  232.0
   11.9   -4.2 -134.1
    4.0  -11.5 -163.5
    9.8   -7.5 -195.3
    7.2  -10.0 -194.2
   11.7    3.4  -30.9
    8.4    8.4   18.6
   -7.5   -9.1   16.4
   -8.5   -8.2   26.2
  -10.9    2.7  159.2
   -6.6  -10.1   -3.1
    0.4  -12.0 -101.0
  -11.3   -3.9   77.9
   -9.8    5.1  202.0
    2.0  -12.0 -131.1
   -1.1  -12.2  -76.6
   -4.4  -11.6  -34.8
   -5.8  -11.1  -12.0
   -7.6    8.0  236.6
   13.1    0.8  -53.1
   -3.5   10.9  184.3
   -8.8    6.8  231.7
   -9.9   -7.1   41.0
   10.7    6.2    0.6
    8.3   -9.9 -204.8
    2.9  -12.5 -134.5
    6.8   10.0   53.0
    5.2   10.8   76.2
  -10.9    4.3  188.4
   -5.6   10.0  227.5
  -11.8    1.6  156.3
   -3.4  -12.5  -39.7
   -7.6    8.8  237.8
    6.7  -11.4 -196.9
   11.4   -6.7 -159.7
    5.1  -12.2 -181.8
    0.5  -13.0 -105.8
   -5.1   10.9  219.1
    1.9  -13.3 -120.6
    9.9   -9.1 -210.8
   13.2   -1.6  -98.1
   -9.9    6.7  233.3
    4.0   11.9   83.2
   -6.7    9.8  242.2
   10.9   -8.2 -180.5
   -1.9  -13.0  -66.0
   -8.3  -10.2    4.4
  -12.8   -0.1  125.0
  -10.9    5.9  207.5
   10.1    8.8   27.3
   12.6   -5.6 -149.1
   -5.1  -13.1  -22.5
   13.7   -3.5 -117.1
    0.1   12.3  128.2
  -13.1   -2.4   92.8
    2.2   12.7  100.9
   -9.1    8.3  233.1
    8.4   10.3   42.1
   13.4    3.3  -53.6
   12.4    5.6  -27.9
    4.0  -13.4 -164.4
  -12.2   -5.7   54.2
    9.1  -10.7 -202.2
   -2.8   12.4  168.8
    7.7  -11.7 -190.4
   -0.4  -14.0  -88.8
  -10.0   -9.0   21.5
  -12.4    3.6  170.5
   -7.2  -12.0   -8.9
   15.3    0.0  -72.8
    6.0  -13.2 -179.5
    6.5   11.8   68.0
   12.4   -7.6 -172.7
   11.9    7.9   10.5
   -2.8  -14.0  -62.9
   -8.3    9.9  256.0
   10.7   -9.9 -204.4
   -4.4   12.4  196.1
  -10.6    7.5  239.7
  -11.9   -8.0   40.8
   -6.9   10.9  241.7
   -1.5   13.4  149.0
  -13.3    2.3  155.5
  -12.4    5.2  195.9
  -14.3   -4.5   75.1
   -4.3  -14.5  -40.7
   -9.9    9.1  252.6
    0.9  -14.8 -103.0
   13.9   -5.5 -145.5
    3.2  -14.8 -139.3
    7.6  -13.2 -195.4
   -1.5  -15.2  -75.6
   -6.2  -13.7  -25.1
   10.0  -11.6 -214.6
   15.5   -2.4  -98.1
   -9.8  -11.2    0.2
    9.0  -12.8 -197.1
   -6.0   12.4  221.1
  -15.2   -0.7  122.7
   12.4   -9.2 -189.1
   15.7    2.6  -48.5
    5.5   13.7   78.5
  -15.1    1.6  146.3
   14.3    5.6  -17.6
    0.3   14.6  126.0
   10.4   11.2   28.4
  -12.4    6.8  215.7
   -9.1   10.7  241.8
    5.5  -14.7 -160.4
    3.5   14.6  102.6
   11.6  -10.8 -212.0
  -11.6    8.4  244.4
   -8.0   11.8  232.3
   14.5    8.0    5.3
    8.1   12.9   33.4
   -3.9   13.9  193.4
   13.9   -7.9 -180.1
   -8.8  -13.1   -6.9
  -11.9  -10.3   33.4
   12.7   10.6    4.4
  -13.9    5.0  194.0
  -10.8   10.0  252.9
  -16.3   -2.8   96.7
   -3.2  -16.3  -49.7
   15.3   -6.5 -163.1
   16.0   -4.7 -128.5
  -15.1   -7.9   58.7
   -2.4   15.6  153.7
  -15.2    3.9  162.3
    7.9  -14.7 -192.8
    0.8  -16.9  -99.2
   -1.4  -17.8  -66.1
   -7.6   13.2  234.1
   -6.2   14.1  214.5
  -10.0   11.6  252.4
    3.2  -16.7 -122.9
   11.3  -12.5 -201.5
  -13.9    7.0  210.8
  -11.4  -12.9   12.4
   -7.6  -15.2  -22.7
    6.5  -16.1 -159.8
   -5.5  -16.4  -46.0
   13.3  -10.5 -195.6
  -13.1    8.9  239.9
   10.2  -13.9 -204.6
    1.7   17.1  115.3
    5.3  -17.3 -137.1
   -4.8   15.4  189.8
  -15.7    6.4  183.1
  -12.3   10.5  258.7
  -13.8  -12.3   37.4
   14.8   -9.6 -177.3
   10.7   13.8   44.7
   -9.4   13.1  246.5
   18.0   -1.2  -83.9
   18.9    2.3  -56.5
   17.3    6.3  -33.7
    7.8   15.3   71.8
   16.2   -8.7 -176.5
  -17.6    1.3  136.7
   18.5   -4.4 -106.3
  -11.0  -15.5   -9.1
  -11.7   12.1  249.7
    5.6   17.4   84.4
   -1.3   18.1  135.4
   13.2  -12.8 -202.2
    9.6  -15.6 -191.9
  -18.1   -5.8   75.0
    2.7  -19.2 -110.2
    8.7  -17.0 -171.3
   14.6   13.8   37.1
  -14.8    8.8  231.1
   -8.8   14.8  233.1
   -7.1   16.0  213.5
  -19.0   -1.4  107.8
   16.0   10.4   13.4
   18.0   -7.1 -135.3
   11.8  -14.5 -198.1
   -4.2  -19.4  -52.0
   14.9  -12.0 -189.3
  -17.5    4.3  170.1
    0.1  -20.2  -88.0
   -4.6   17.6  167.6
  -14.3   11.3  232.7
   -7.8  -18.2  -36.9
  -11.1   14.1  247.1
  -17.0    8.1  193.9
  -13.8   13.5  234.3
   10.3   17.4   57.6
    7.1  -19.0 -145.4
   16.8  -11.1 -178.3
  -19.1    6.2  158.5
   11.3  -16.8 -183.3
   -9.6   16.7  226.6
   18.7   -9.7 -166.7
   13.7  -15.3 -205.7
   15.8  -13.7 -193.9
    4.8  -20.9 -121.3
  -16.6   10.3  220.3
  -11.7   16.2  240.9
   -7.2   18.6  192.8
   22.1    4.5  -37.4
   21.4   -1.8  -78.9
    9.9  -19.2 -167.7
   13.6  -17.5 -191.1
  -20.6    2.6  137.3
    0.6   21.2  125.5
  -21.7   -4.0   98.3
   21.6   -7.0 -109.3
    3.8   21.4  110.5
   -4.3   20.1  155.4
    2.0  -23.7  -99.8
   18.7  -13.4 -172.6
   -1.5  -22.6  -69.1
   15.9  -16.3 -189.7
   -2.2   22.7  135.0
   12.5  -20.0 -180.5
    8.3  -22.1 -130.0
   -9.9   19.4  197.0
  -23.1   -0.5  118.2
   21.4  -11.0 -145.2
   -6.8   22.6  181.7
   25.3   -4.4  -99.5
    5.1  -25.4 -106.4
   11.8  -23.2 -156.8
   18.3  -16.3 -174.0
   15.4  -19.8 -182.3
   26.0    0.8  -56.0
   -2.5   26.3  153.0
    8.2  -27.0 -126.6
