 238
  0.
  1.51898734
  3.03797468
  4.55696203
  6.07594937
  7.59493671
  9.11392405
  10.6329114
  12.1518987
  13.6708861
  15.1898734
  16.7088608
  18.2278481
  19.7468354
  21.2658228
  22.7848101
  24.3037975
  25.8227848
  27.3417722
  28.8607595
  30.3797468
  31.8987342
  33.4177215
  34.9367089
  36.4556962
  37.9746835
  39.4936709
  41.0126582
  42.5316456
  44.0506329
  45.5696203
  47.0886076
  48.6075949
  50.1265823
  51.6455696
  53.164557
  54.6835443
  56.2025316
  57.721519
  59.2405063
  60.7594937
  62.278481
  63.7974684
  65.3164557
  66.835443
  68.3544304
  69.8734177
  71.3924051
  72.9113924
  74.4303797
  75.9493671
  77.4683544
  78.9873418
  80.5063291
  82.0253165
  83.5443038
  85.0632911
  86.5822785
  88.1012658
  89.6202532
  91.1392405
  92.6582278
  94.1772152
  95.6962025
  97.2151899
  98.7341772
  100.253165
  101.772152
  103.291139
  104.810127
  106.329114
  107.848101
  109.367089
  110.886076
  112.405063
  113.924051
  115.443038
  116.962025
  118.481013
  120.
  121.518987
  123.037975
  124.556962
  126.075949
  127.594937
  129.113924
  130.632911
  132.151899
  133.670886
  135.189873
  136.708861
  138.227848
  139.746835
  141.265823
  142.78481
  144.303797
  145.822785
  147.341772
  148.860759
  150.379747
  151.898734
  153.417722
  154.936709
  156.455696
  157.974684
  159.493671
  161.012658
  162.531646
  164.050633
  165.56962
  167.088608
  168.607595
  170.126582
  171.64557
  173.164557
  174.683544
  176.202532
  177.721519
  179.240506
  180.759494
  182.278481
  183.797468
  185.316456
  186.835443
  188.35443
  189.873418
  191.392405
  192.911392
  194.43038
  195.949367
  197.468354
  198.987342
  200.506329
  202.025316
  203.544304
  205.063291
  206.582278
  208.101266
  209.620253
  211.139241
  212.658228
  214.177215
  215.696203
  217.21519
  218.734177
  220.253165
  221.772152
  223.291139
  224.810127
  226.329114
  227.848101
  229.367089
  230.886076
  232.405063
  233.924051
  235.443038
  236.962025
  238.481013
  240.
  241.518987
  243.037975
  244.556962
  246.075949
  247.594937
  249.113924
  250.632911
  252.151899
  253.670886
  255.189873
  256.708861
  258.227848
  259.746835
  261.265823
  262.78481
  264.303797
  265.822785
  267.341772
  268.860759
  270.379747
  271.898734
  273.417722
  274.936709
  276.455696
  277.974684
  279.493671
  281.012658
  282.531646
  284.050633
  285.56962
  287.088608
  288.607595
  290.126582
  291.64557
  293.164557
  294.683544
  296.202532
  297.721519
  299.240506
  300.759494
  302.278481
  303.797468
  305.316456
  306.835443
  308.35443
  309.873418
  311.392405
  312.911392
  314.43038
  315.949367
  317.468354
  318.987342
  320.506329
  322.025316
  323.544304
  325.063291
  326.582278
  328.101266
  329.620253
  331.139241
  332.658228
  334.177215
  335.696203
  337.21519
  338.734177
  340.253165
  341.772152
  343.291139
  344.810127
  346.329114
  347.848101
  349.367089
  350.886076
  352.405063
  353.924051
  355.443038
  356.962025
  358.481013
  360.
