 400 = number of grid points in r
 index     r/rstar  r(au)
 1  1.  206295.438
 2  2.99953371  618790.125
 3  3.0628295  631847.75
 4  3.25271687  671020.625
 5  3.56919581  736308.812
 6  4.01226634  827712.25
 7  4.58192844  945230.938
 8  5.27818212  1088864.88
 9  6.10102738  1258614.12
 10  7.05046422  1454478.62
 11  8.12649264  1676458.38
 12  9.32911264  1924553.38
 13  10.6583242  2198763.75
 14  12.1141274  2499089.25
 15  13.6965221  2825530.
 16  15.4055084  3178086.
 17  17.2410863  3556757.5
 18  19.2032558  3961544.
 19  21.2920168  4392446.
 20  23.5073694  4849463.
 21  25.8493136  5332595.5
 22  28.3178494  5841843.
 23  30.9129768  6377206.
 24  33.6346957  6938684.
 25  36.4830062  7526277.5
 26  39.4579083  8139986.5
 27  42.559402  8779810.
 28  45.7874873  9445750.
 29  49.1421641  10137804.
 30  52.6234325  10855974.
 31  56.2312925  11600259.
 32  59.9657441  12370659.
 33  63.8267872  13167175.
 34  67.8144219  13989806.
 35  71.9286483  14838552.
 36  76.1694661  15713413.
 37  80.5368756  16614390.
 38  85.0308766  17541482.
 39  89.6514693  18494688.
 40  94.3986534  19474012.
 41  99.2724292  20479450.
 42  104.272797  21511002.
 43  109.399756  22568670.
 44  114.653306  23652454.
 45  120.033448  24762352.
 46  125.540182  25898366.
 47  131.173507  27060496.
 48  136.933424  28248740.
 49  142.819932  29463100.
 50  148.833032  30703576.
 51  154.972724  31970166.
 52  161.239007  33262872.
 53  167.631882  34581692.
 54  174.151348  35926628.
 55  180.797406  37297680.
 56  187.570055  38694848.
 57  194.469296  40118128.
 58  201.495129  41567524.
 59  208.647553  43043036.
 60  215.926569  44544664.
 61  223.332176  46072408.
 62  230.864375  47626268.
 63  238.523166  49206240.
 64  246.308548  50812328.
 65  254.220521  52444532.
 66  262.259087  54102852.
 67  270.424243  55787288.
 68  278.715992  57497836.
 69  287.134332  59234504.
 70  295.679263  60997284.
 71  304.350787  62786180.
 72  313.148901  64601188.
 73  322.073608  66442316.
 74  331.124905  68309560.
 75  340.302795  70202912.
 76  349.607276  72122384.
 77  359.038348  74067976.
 78  368.596013  76039672.
 79  378.280268  78037496.
 80  388.091116  80061424.
 81  398.028555  82111472.
 82  408.092585  84187640.
 83  418.283207  86289920.
 84  428.600421  88418312.
 85  439.044226  90572824.
 86  449.614623  92753448.
 87  460.311611  94960184.
 88  471.135191  97193040.
 89  482.085363  99452008.
 90  493.162126  101737096.
 91  504.365481  104048296.
 92  515.695427  106385616.
 93  527.151965  108749048.
 94  538.735094  111138592.
 95  550.444815  113554256.
 96  562.281128  115996032.
 97  574.244032  118463920.
 98  586.333528  120957928.
 99  598.549615  123478056.
 100  610.892294  126024296.
 101  623.361565  128596648.
 102  635.957427  131195112.
 103  648.67988  133819696.
 104  661.528926  136470400.
 105  674.504562  139147216.
 106  687.606791  141850144.
 107  700.835611  144579184.
 108  714.191022  147334352.
 109  727.673025  150115616.
 110  741.28162  152923008.
 111  755.016806  155756528.
 112  768.878584  158616144.
 113  782.866954  161501872.
 114  796.981915  164413728.
 115  811.223467  167351696.
 116  825.591611  170315776.
 117  840.086347  173305984.
 118  854.707674  176322288.
 119  869.455593  179364720.
 120  884.330104  182433264.
 121  899.331206  185527920.
 122  914.4589  188648704.
 123  929.713185  191795584.
 124  945.094062  194968592.
 125  960.60153  198167712.
 126  976.23559  201392944.
 127  991.996241  204644304.
 128  1007.88348  207921760.
 129  1023.89732  211225344.
 130  1040.03775  214555040.
 131  1056.30476  217910848.
 132  1072.69837  221292784.
 133  1089.21857  224700816.
 134  1105.86537  228134976.
 135  1122.63875  231595248.
 136  1139.53873  235081632.
 137  1156.56529  238594144.
 138  1173.71845  242132752.
 139  1190.9982  245697488.
 140  1208.40455  249288336.
 141  1225.93748  252905312.
 142  1243.597  256548384.
 143  1261.38312  260217584.
 144  1279.29583  263912896.
 145  1297.33513  267634320.
 146  1315.50102  271381856.
 147  1333.7935  275155520.
 148  1352.21258  278955296.
 149  1370.75824  282781184.
 150  1389.4305  286633184.
 151  1408.22935  290511296.
 152  1427.15479  294415520.
 153  1446.20683  298345856.
 154  1465.38545  302302336.
 155  1484.69067  306284896.
 156  1504.12247  310293600.
 157  1523.68087  314328416.
 158  1543.36586  318389344.
 159  1563.17744  322476384.
 160  1583.11562  326589536.
 161  1603.18038  330728800.
 162  1623.37174  334894176.
 163  1643.68969  339085696.
 164  1664.13423  343303296.
 165  1684.70536  347547040.
 166  1705.40308  351816864.
 167  1726.2274  356112832.
 168  1747.1783  360434912.
 169  1768.2558  364783104.
 170  1789.45989  369157408.
 171  1810.79057  373557824.
 172  1832.24784  377984352.
 173  1853.83171  382437024.
 174  1875.54216  386915776.
 175  1897.37921  391420672.
 176  1919.34285  395951680.
 177  1941.43308  400508768.
 178  1963.6499  405092000.
 179  1985.99332  409701344.
 180  2008.46332  414336832.
 181  2031.05992  418998400.
 182  2053.78311  423686080.
 183  2076.63289  428399872.
 184  2099.60926  433139808.
 185  2122.71222  437905856.
 186  2145.94178  442697984.
 187  2169.29792  447516256.
 188  2192.78066  452360640.
 189  2216.38999  457231136.
 190  2240.12591  462127744.
 191  2263.98842  467050464.
 192  2287.97753  471999328.
 193  2312.09322  476974272.
 194  2336.33551  481975360.
 195  2360.70439  487002528.
 196  2385.19986  492055840.
 197  2409.82192  497135264.
 198  2434.57058  502240800.
 199  2459.44582  507372448.
 200  2484.44766  512530208.
 201  2509.57609  517714080.
 202  2534.83111  522924096.
 203  2560.21272  528160192.
 204  2585.72092  533422432.
 205  2611.35571  538710784.
 206  2637.1171  544025216.
 207  2663.00508  549365824.
 208  2689.01965  554732480.
 209  2715.16081  560125312.
 210  2741.42856  565544192.
 211  2767.82291  570989248.
 212  2794.34384  576460352.
 213  2820.99137  581957632.
 214  2847.76549  587481024.
 215  2874.6662  593030528.
 216  2901.6935  598606144.
 217  2928.84739  604207872.
 218  2956.12788  609835712.
 219  2983.53496  615489664.
 220  3011.06862  621169728.
 221  3038.72888  626875904.
 222  3066.51574  632608192.
 223  3094.42918  638366592.
 224  3122.46921  644151168.
 225  3150.63584  649961792.
 226  3178.92906  655798528.
 227  3207.34887  661661440.
 228  3235.89527  667550400.
 229  3264.56826  673465536.
 230  3293.36784  679406784.
 231  3322.29402  685374080.
 232  3351.34679  691367552.
 233  3380.52615  697387136.
 234  3409.8321  703432768.
 235  3439.26464  709504576.
 236  3468.82377  715602496.
 237  3498.5095  721726528.
 238  3528.32181  727876672.
 239  3558.26072  734052928.
 240  3588.32622  740255296.
 241  3618.51831  746483840.
 242  3648.837  752738432.
 243  3679.28227  759019136.
 244  3709.85414  765325952.
 245  3740.5526  771658944.
 246  3771.37765  778017984.
 247  3802.32929  784403200.
 248  3833.40752  790814464.
 249  3864.61234  797251904.
 250  3895.94376  803715392.
 251  3927.40177  810205056.
 252  3958.98636  816720832.
 253  3990.69756  823262720.
 254  4022.53534  829830656.
 255  4054.49971  836424768.
 256  4086.59068  843044992.
 257  4118.80823  849691328.
 258  4151.15238  856363776.
 259  4183.62312  863062336.
 260  4216.22045  869787008.
 261  4248.94438  876537856.
 262  4281.79489  883314752.
 263  4314.772  890117760.
 264  4347.87569  896946880.
 265  4381.10598  903802176.
 266  4414.46286  910683520.
 267  4447.94634  917591040.
 268  4481.5564  924524608.
 269  4515.29306  931484352.
 270  4549.1563  938470208.
 271  4583.14614  945482112.
 272  4617.26257  952520192.
 273  4651.5056  959584384.
 274  4685.87521  966674688.
 275  4720.37141  973791104.
 276  4754.99421  980933632.
 277  4789.7436  988102272.
 278  4824.61958  995297024.
 279  4859.62215  1.00251789E+09
 280  4894.75131  1.00976486E+09
 281  4930.00707  1.01703795E+09
 282  4965.38941  1.02433715E+09
 283  5000.89835  1.03166253E+09
 284  5036.53388  1.03901395E+09
 285  5072.296  1.04639149E+09
 286  5108.18472  1.0537952E+09
 287  5144.20002  1.06122496E+09
 288  5180.34191  1.0686809E+09
 289  5216.6104  1.07616294E+09
 290  5253.00548  1.08367104E+09
 291  5289.52715  1.09120525E+09
 292  5326.17541  1.0987657E+09
 293  5362.95027  1.10635213E+09
 294  5399.85171  1.1139648E+09
 295  5436.87975  1.12160346E+09
 296  5474.03438  1.12926835E+09
 297  5511.3156  1.13695923E+09
 298  5548.72341  1.14467635E+09
 299  5586.25781  1.15241946E+09
 300  5623.91881  1.1601888E+09
 301  5661.70639  1.16798413E+09
 302  5699.62057  1.1758057E+09
 303  5737.66134  1.18365338E+09
 304  5775.8287  1.19152704E+09
 305  5814.12265  1.19942694E+09
 306  5852.5432  1.20735296E+09
 307  5891.09033  1.21530509E+09
 308  5929.76406  1.2232832E+09
 309  5968.56438  1.23128755E+09
 310  6007.49129  1.23931802E+09
 311  6046.54479  1.24737459E+09
 312  6085.72488  1.25545728E+09
 313  6125.03157  1.26356608E+09
 314  6164.46485  1.27170099E+09
 315  6204.02472  1.27986202E+09
 316  6243.71118  1.28804915E+09
 317  6283.52423  1.2962624E+09
 318  6323.46387  1.30450176E+09
 319  6363.5301  1.31276723E+09
 320  6403.72293  1.32105882E+09
 321  6444.04235  1.32937651E+09
 322  6484.48836  1.33772032E+09
 323  6525.06096  1.34609024E+09
 324  6565.76015  1.3544864E+09
 325  6606.58594  1.36290854E+09
 326  6647.53831  1.3713568E+09
 327  6688.61728  1.37983117E+09
 328  6729.82284  1.38833178E+09
 329  6771.15499  1.39685837E+09
 330  6812.61373  1.40541107E+09
 331  6854.19906  1.41399002E+09
 332  6895.91099  1.42259494E+09
 333  6937.7495  1.43122611E+09
 334  6979.71461  1.43988326E+09
 335  7021.80631  1.44856666E+09
 336  7064.0246  1.45727603E+09
 337  7106.36949  1.46601165E+09
 338  7148.84096  1.47477325E+09
 339  7191.43903  1.48356109E+09
 340  7234.16369  1.49237491E+09
 341  7277.01494  1.50121498E+09
 342  7319.99278  1.51008115E+09
 343  7363.09721  1.51897331E+09
 344  7406.32823  1.52789171E+09
 345  7449.68585  1.53683622E+09
 346  7493.17006  1.54580672E+09
 347  7536.78085  1.55480346E+09
 348  7580.51824  1.5638263E+09
 349  7624.38223  1.57287526E+09
 350  7668.3728  1.58195034E+09
 351  7712.48997  1.59105152E+09
 352  7756.73372  1.60017882E+09
 353  7801.10407  1.60933222E+09
 354  7845.60101  1.61851174E+09
 355  7890.22454  1.62771725E+09
 356  7934.97466  1.63694912E+09
 357  7979.85138  1.64620698E+09
 358  8024.85469  1.65549094E+09
 359  8069.98458  1.66480102E+09
 360  8115.24107  1.67413722E+09
 361  8160.62415  1.68349952E+09
 362  8206.13383  1.69288794E+09
 363  8251.77009  1.70230246E+09
 364  8297.53295  1.71174323E+09
 365  8343.42239  1.72120998E+09
 366  8389.43843  1.73070285E+09
 367  8435.58106  1.74022182E+09
 368  8481.85028  1.74976704E+09
 369  8528.2461  1.75933824E+09
 370  8574.7685  1.76893555E+09
 371  8621.4175  1.7785591E+09
 372  8668.19309  1.78820864E+09
 373  8715.09527  1.79788442E+09
 374  8762.12404  1.80758618E+09
 375  8809.2794  1.81731418E+09
 376  8856.56136  1.82706816E+09
 377  8903.9699  1.83684838E+09
 378  8951.50504  1.84665459E+09
 379  8999.16677  1.85648704E+09
 380  9046.95509  1.8663456E+09
 381  9094.87  1.87623014E+09
 382  9142.91151  1.88614093E+09
 383  9191.0796  1.89607782E+09
 384  9239.37429  1.9060407E+09
 385  9287.79557  1.91602982E+09
 386  9336.34344  1.92604506E+09
 387  9385.0179  1.9360864E+09
 388  9433.81896  1.94615386E+09
 389  9482.7466  1.9562473E+09
 390  9531.80084  1.96636698E+09
 391  9580.98167  1.97651277E+09
 392  9630.28909  1.98668467E+09
 393  9679.7231  1.99688269E+09
 394  9729.2837  2.00710682E+09
 395  9778.97089  2.01735706E+09
 396  9828.78468  2.02763341E+09
 397  9878.72506  2.03793587E+09
 398  9928.79203  2.04826445E+09
 399  9978.98559  2.05861914E+09
 400  10029.3057  2.06900006E+09
