  #     XBIN        YBIN       VEL       ER_VEL
  1    -5.6000    -3.2000  1924.7114     4.2205
  2    -5.6000    -2.4000  1944.8115     4.5708
  3    -5.6000    -1.6000  1968.1098     5.0449
  4    -5.6000    -0.8000  1994.8328     4.5365
  5    -5.6000     0.0000  2005.8424     4.4784
  6    -5.6000     0.8000  2027.6379     4.3022
  7    -4.8000    -4.0000  1918.6445     4.9341
  8    -4.8000    -3.2000  1931.6472     4.4109
  9    -4.8000    -2.4000  1949.3813     4.1127
 10    -4.8000    -1.6000  1965.4038     3.8764
 11    -4.8000    -0.8000  1981.5999     3.6470
 12    -4.8000     0.0000  2008.9639     3.7376
 13    -4.8000     0.8000  2029.9599     3.8909
 14    -4.8000     1.6000  2058.0487     3.7393
 15    -4.8000     2.4000  2071.9308     3.7278
 16    -4.8000     3.2000  2091.9883     4.2509
 17    -4.8000     4.0000  2112.1787     4.2286
 18    -4.0000    -4.8000  1893.1832     5.2032
 19    -4.0000    -4.0000  1901.4101     4.1917
 20    -4.0000    -3.2000  1920.6457     3.4904
 21    -4.0000    -2.4000  1940.5497     3.3710
 22    -4.0000    -1.6000  1951.6996     3.1492
 23    -4.0000    -0.8000  1974.0805     3.1304
 24    -4.0000     0.0000  2000.0067     2.7716
 25    -4.0000     0.8000  2027.3977     2.9882
 26    -4.0000     1.6000  2053.5833     3.7294
 27    -4.0000     2.4000  2074.1372     4.0766
 28    -4.0000     3.2000  2092.0584     4.3633
 29    -4.0000     4.0000  2115.7490     4.5029
 30    -4.0000     4.8000  2111.5960     4.5173
 31    -3.2000    -5.6000  1868.8560     5.3530
 32    -3.2000    -4.8000  1875.3613     5.0695
 33    -3.2000    -4.0000  1883.3814     3.7223
 34    -3.2000    -3.2000  1902.9112     3.1331
 35    -3.2000    -2.4000  1923.6689     2.7475
 36    -3.2000    -1.6000  1939.1768     2.5586
 37    -3.2000    -0.8000  1967.3261     2.4704
 38    -3.2000     0.0000  1992.2291     2.3842
 39    -3.2000     0.8000  2018.7933     2.4802
 40    -3.2000     1.6000  2046.7720     2.6913
 41    -3.2000     2.4000  2063.7163     3.2919
 42    -3.2000     3.2000  2077.8746     3.7865
 43    -3.2000     4.0000  2087.5562     4.4620
 44    -3.2000     4.8000  2092.9503     4.6047
 45    -3.2000     5.6000  2084.5218     4.7276
 46    -2.4000    -6.4000  1850.4748     4.6502
 47    -2.4000    -5.6000  1854.8381     3.8681
 48    -2.4000    -4.8000  1866.3794     3.4245
 49    -2.4000    -4.0000  1868.7904     2.8964
 50    -2.4000    -3.2000  1886.1289     2.6906
 51    -2.4000    -2.4000  1902.0511     2.5452
 52    -2.4000    -1.6000  1923.5894     2.1851
 53    -2.4000    -0.8000  1953.4404     2.0864
 54    -2.4000     0.0000  1983.4372     2.0976
 55    -2.4000     0.8000  2017.5271     2.2264
 56    -2.4000     1.6000  2039.3203     2.4467
 57    -2.4000     2.4000  2047.0078     2.7472
 58    -2.4000     3.2000  2058.2448     2.9999
 59    -2.4000     4.0000  2070.4349     3.0599
 60    -2.4000     4.8000  2081.2440     3.5299
 61    -2.4000     5.6000  2072.1318     3.9825
 62    -1.6000    -6.4000  1832.8197     4.8779
 63    -1.6000    -5.6000  1839.9408     3.5339
 64    -1.6000    -4.8000  1846.4935     2.8727
 65    -1.6000    -4.0000  1846.0102     2.5300
 66    -1.6000    -3.2000  1867.2131     2.2342
 67    -1.6000    -2.4000  1883.3645     1.9795
 68    -1.6000    -1.6000  1905.8069     1.8394
 69    -1.6000    -0.8000  1933.6565     1.6016
 70    -1.6000     0.0000  1971.5224     1.5643
 71    -1.6000     0.8000  2008.6737     1.8024
 72    -1.6000     1.6000  2029.7582     2.1850
 73    -1.6000     2.4000  2038.2020     2.4891
 74    -1.6000     3.2000  2038.2285     2.9284
 75    -1.6000     4.0000  2050.8276     3.0747
 76    -1.6000     4.8000  2060.0985     3.2192
 77    -1.6000     5.6000  2052.7986     4.1251
 78    -1.6000     6.4000  2050.9195     4.2076
 79    -0.8000    -7.2000  1805.3578     5.6823
 80    -0.8000    -6.4000  1809.4529     5.0414
 81    -0.8000    -5.6000  1819.0009     3.2489
 82    -0.8000    -4.8000  1821.4177     2.6314
 83    -0.8000    -4.0000  1820.6709     2.2768
 84    -0.8000    -3.2000  1834.3573     1.9410
 85    -0.8000    -2.4000  1851.5324     1.7103
 86    -0.8000    -1.6000  1876.3328     1.4250
 87    -0.8000    -0.8000  1909.2296     1.1355
 88    -0.8000     0.0000  1950.8216     1.0396
 89    -0.8000     0.8000  1985.9877     1.2697
 90    -0.8000     1.6000  2011.5843     1.7311
 91    -0.8000     2.4000  2018.5531     2.0846
 92    -0.8000     3.2000  2023.8379     2.2973
 93    -0.8000     4.0000  2031.2521     2.7302
 94    -0.8000     4.8000  2037.4737     3.0391
 95    -0.8000     5.6000  2033.9208     3.8562
 96    -0.8000     6.4000  2025.9992     4.3088
 97     0.0000    -7.2000  1793.6226     7.3208
 98     0.0000    -6.4000  1792.3362     5.3447
 99     0.0000    -5.6000  1799.0279     3.0222
100     0.0000    -4.8000  1796.7787     2.9519
101     0.0000    -4.0000  1798.1649     2.2351
102     0.0000    -3.2000  1809.7911     1.9102
103     0.0000    -2.4000  1826.9149     1.6671
104     0.0000    -1.6000  1840.2452     1.2603
105     0.0000    -0.8000  1861.9041     0.8938
106     0.0000     0.0000  1903.3588     0.8245
107     0.0000     0.8000  1947.7417     1.0646
108     0.0000     1.6000  1969.4515     1.5184
109     0.0000     2.4000  1983.0891     1.8767
110     0.0000     3.2000  2000.7715     2.2926
111     0.0000     4.0000  2007.2235     2.7671
112     0.0000     4.8000  2012.7224     3.1192
113     0.0000     5.6000  2005.7161     3.4480
114     0.0000     6.4000  2006.5791     3.7517
115     0.8000    -8.0000  1767.0416     5.2869
116     0.8000    -7.2000  1776.1450     5.1056
117     0.8000    -6.4000  1778.1556     3.4502
118     0.8000    -5.6000  1775.0113     3.0910
119     0.8000    -4.8000  1769.6005     2.7435
120     0.8000    -4.0000  1770.4348     2.3428
121     0.8000    -3.2000  1781.0471     2.0799
122     0.8000    -2.4000  1796.6342     1.8153
123     0.8000    -1.6000  1805.3052     1.4687
124     0.8000    -0.8000  1821.0585     1.0282
125     0.8000     0.0000  1858.5382     0.8932
126     0.8000     0.8000  1898.5209     1.1291
127     0.8000     1.6000  1929.0677     1.5765
128     0.8000     2.4000  1949.1477     2.0037
129     0.8000     3.2000  1973.7100     2.3822
130     0.8000     4.0000  1976.9092     2.9841
131     0.8000     4.8000  1979.9083     3.3436
132     0.8000     5.6000  1983.5584     3.5341
133     0.8000     6.4000  1992.8800     4.3738
134     0.8000     7.2000  1999.2832     5.7402
135     1.6000    -8.0000  1753.0895     5.9555
136     1.6000    -7.2000  1747.6468     4.7155
137     1.6000    -6.4000  1748.8337     4.9916
138     1.6000    -5.6000  1747.4197     4.2210
139     1.6000    -4.8000  1746.7903     2.6210
140     1.6000    -4.0000  1749.2195     2.4897
141     1.6000    -3.2000  1760.4843     2.3431
142     1.6000    -2.4000  1773.0407     2.0614
143     1.6000    -1.6000  1790.9303     1.6505
144     1.6000    -0.8000  1802.5652     1.3280
145     1.6000     0.0000  1834.8697     1.2062
146     1.6000     0.8000  1872.9878     1.4212
147     1.6000     1.6000  1911.2354     1.9603
148     1.6000     2.4000  1933.1528     2.5573
149     1.6000     3.2000  1943.7848     2.5912
150     1.6000     4.0000  1951.2995     3.0083
151     1.6000     4.8000  1963.6058     4.1901
152     1.6000     5.6000  1957.5765     4.5884
153     1.6000     6.4000  1955.3879     5.5562
154     2.4000    -8.0000  1732.4371     4.3398
155     2.4000    -7.2000  1737.5440     4.6601
156     2.4000    -6.4000  1735.2028     4.9503
157     2.4000    -5.6000  1720.5702     4.2887
158     2.4000    -4.8000  1718.6255     3.6237
159     2.4000    -4.0000  1731.3084     2.7543
160     2.4000    -3.2000  1746.0460     2.4369
161     2.4000    -2.4000  1759.1037     2.1341
162     2.4000    -1.6000  1774.5058     1.9439
163     2.4000    -0.8000  1795.2129     1.7123
164     2.4000     0.0000  1823.5785     1.6397
165     2.4000     0.8000  1854.2447     1.7493
166     2.4000     1.6000  1883.5774     2.1992
167     2.4000     2.4000  1903.0534     2.5476
168     2.4000     3.2000  1916.4895     3.1416
169     2.4000     4.0000  1936.7969     3.6492
170     2.4000     4.8000  1952.8645     5.5031
171     2.4000     5.6000  1952.2744     4.8622
172     3.2000    -8.8000  1723.7401     4.6641
173     3.2000    -8.0000  1715.6616     5.1952
174     3.2000    -7.2000  1724.5438     5.4261
175     3.2000    -6.4000  1723.1301     4.7884
176     3.2000    -5.6000  1704.8361     5.1324
177     3.2000    -4.8000  1701.2472     4.2178
178     3.2000    -4.0000  1716.3522     3.0035
179     3.2000    -3.2000  1733.6952     2.5304
180     3.2000    -2.4000  1745.1000     2.3661
181     3.2000    -1.6000  1765.5987     2.1610
182     3.2000    -0.8000  1783.1453     2.2193
183     3.2000     0.0000  1810.1879     2.0892
184     3.2000     0.8000  1840.0861     2.1405
185     3.2000     1.6000  1859.6317     2.3490
186     3.2000     2.4000  1887.2350     2.7602
187     3.2000     3.2000  1901.1483     3.1475
188     3.2000     4.0000  1920.5825     3.7454
189     3.2000     4.8000  1931.2885     4.3963
190     3.2000     5.6000  1940.6297     4.7964
191     4.0000    -8.8000  1708.7494     5.9980
192     4.0000    -8.0000  1709.2044     8.6320
193     4.0000    -7.2000  1709.6171     6.3752
194     4.0000    -6.4000  1705.2030     6.1233
195     4.0000    -5.6000  1695.1474     5.2031
196     4.0000    -4.8000  1692.6837     6.7714
197     4.0000    -4.0000  1706.6883     4.3732
198     4.0000    -3.2000  1725.8588     2.9787
199     4.0000    -2.4000  1738.7809     3.1078
200     4.0000    -1.6000  1757.7262     3.4833
201     4.0000    -0.8000  1776.9825     2.9579
202     4.0000     0.0000  1810.3265     2.3656
203     4.0000     0.8000  1828.2957     2.6055
204     4.0000     1.6000  1846.6967     2.5892
205     4.0000     2.4000  1880.1772     3.1167
206     4.0000     3.2000  1889.9605     3.8520
207     4.0000     4.0000  1905.9231     4.4864
208     4.0000     4.8000  1917.6887     5.0508
209     4.8000    -7.2000  1700.5639     7.0146
210     4.8000    -6.4000  1694.6901     7.1158
211     4.8000    -5.6000  1696.0192     5.9409
212     4.8000    -4.8000  1690.4911     6.6021
213     4.8000    -4.0000  1701.9326     5.8210
214     4.8000    -3.2000  1720.9107     3.7795
215     4.8000    -2.4000  1735.7457     3.9396
216     4.8000    -1.6000  1755.6700     3.3272
217     4.8000    -0.8000  1776.5135     3.0179
218     4.8000     0.0000  1804.4993     2.9354
219     4.8000     0.8000  1823.5317     2.8682
220     4.8000     1.6000  1839.5802     3.1305
221     4.8000     2.4000  1868.8391     3.5267
222     4.8000     3.2000  1881.6967     4.7284
223     4.8000     4.0000  1890.9795     4.7008
224     5.6000    -6.4000  1698.5268     6.8649
225     5.6000    -5.6000  1701.1658     6.8740
226     5.6000    -4.8000  1701.4350     3.6264
227     5.6000    -4.0000  1710.2829     3.9314
228     5.6000    -3.2000  1727.0336     4.0944
229     5.6000    -2.4000  1741.3501     3.4941
230     5.6000    -1.6000  1762.7366     3.5087
231     5.6000    -0.8000  1782.5913     3.7064
232     5.6000     0.0000  1796.5132     4.0791
233     5.6000     0.8000  1825.2982     3.5886
234     5.6000     1.6000  1843.9526     4.0288
235     5.6000     2.4000  1861.7025     3.8151
236     5.6000     3.2000  1872.5239     4.4842
237     6.4000    -5.6000  1708.8127     7.7825
238     6.4000    -4.8000  1715.4825     4.4049
239     6.4000    -4.0000  1714.2287     6.2080
240     6.4000    -3.2000  1730.2606     4.7797
241     6.4000    -2.4000  1747.2598     4.1342
242     6.4000    -1.6000  1763.7226     4.1149
243     6.4000    -0.8000  1786.7395     4.2721
244     6.4000     0.0000  1806.5355     4.0009
245     6.4000     0.8000  1822.8349     3.8765
246     6.4000     1.6000  1835.7180     4.8985
247     7.2000    -4.0000  1714.6977     5.6295
248     7.2000    -3.2000  1732.3196     6.1108
249     7.2000    -2.4000  1751.7759     4.5482
250     7.2000    -1.6000  1765.5630     4.0450
251     7.2000    -0.8000  1786.6808     4.7846
252     7.2000     0.0000  1809.2722     6.0543
253     8.0000    -3.2000  1743.1146     5.5087
254     8.0000    -2.4000  1753.1214     4.7362
255    -5.6000     1.6000  2059.0703     4.6423
256    -5.6000     2.4000  2059.1944     4.4066
257     6.4000     2.4000  1854.2836     4.7290
258    -6.4000     0.0000  2000.5532     6.7602
259    -6.4000    -0.8000  1994.7773     5.4770
260    -4.8000    -4.8000  1902.5965     4.6677
261    -4.0000    -5.6000  1884.2009     5.4456
262    -6.7591     0.8000  2029.4518     4.2427
263    -6.7906    -1.6000  1972.0708     4.1309
264     4.8000     4.8000  1906.3987     5.5094
265     5.6000     4.0000  1881.8503     4.8789
266    -5.6000     3.2000  2074.8949     4.6375
267    -5.6000    -4.0000  1923.7472     5.1059
268     7.2000     0.8000  1816.0385     6.3915
269    -3.2000    -6.4000  1859.7358     4.7925
270     4.0000     5.6000  1923.3178     4.9684
271     6.4000     3.2000  1866.1546     6.3255
272    -6.4000     1.6000  2054.9374     4.8257
273    -6.4000    -2.4000  1950.0202     5.7354
274     2.4000     6.4000  1946.6839     5.2269
275    -1.6000    -7.2000  1815.8207     5.3904
276     7.2000     1.6000  1830.1348     6.5771
277    -6.4000    -3.2000  1933.4109     4.8666
278    -6.4000     2.4000  2055.6110     4.9317
279    -4.8000    -5.6000  1887.1014     5.1809
280    -4.8000     4.8000  2112.0490     6.3897
281    -2.4000     6.4000  2066.6956     4.8113
282    -2.4000    -7.2000  1828.5479     6.2779
283     3.2000     6.4000  1950.3661     5.6322
284     7.2000     2.4000  1849.4792     5.8526
285     5.6000     4.8000  1904.2073     5.8755
286    -4.0000    -6.4000  1872.5350     5.3360
287    -5.6000    -4.8000  1904.5067     6.1235
288     6.4000     4.0000  1876.3899     7.2608
289     4.8000     5.6000  1915.3255     5.0228
290    -5.6000     4.0000  2093.6540     4.5890
291    -4.0000     5.6000  2104.4353     4.8045
292     0.0000    -8.0000  1784.3448     4.9531
293     8.0000    -0.8000  1785.5626     5.4104
294     8.0000     0.0000  1798.0416     6.7500
295    -7.2000    -0.3854  2004.7087     5.1992
296     0.0000     7.2000  2009.4589     4.8363
297    -0.8000    -8.0000  1800.0111     5.2671
298    -3.2000    -7.2000  1843.3279     7.7982
299     8.0000    -1.6000  1769.8690     5.0727
300     8.0000     0.8000  1812.7811     6.6119
301     7.2000     3.2000  1859.8324     6.0376
302    -6.4000    -4.0000  1929.6803     5.1822
303     4.0000     6.4000  1931.0106     4.8670
304     1.6000     7.2000  1981.1198     5.9786
305    -0.8000     7.2000  2028.5211     4.7688
306    -3.2000     6.4000  2081.9396     5.3917
307    -6.4000     3.2000  2068.9652     4.8370
308     8.0000     1.6000  1826.7476     6.4666
309    -1.6000    -8.0000  1810.9487     8.8657
310     2.4000     7.2000  1964.0161     6.0234
311    -7.2000    -2.7814  1952.3353     4.1654
312    -7.2000     2.0031  2037.9863     5.3844
313    -1.6000     7.2000  2047.3017     5.0486
314    -4.8000    -6.4000  1881.1248     5.6211
315    -5.9717    -5.6000  1902.7008     4.6447
316     6.4000     5.1777  1903.9940     5.7455
317     5.6000     5.9680  1929.6941     4.5906
318    -4.8000     5.6000  2114.3090     5.0561
319    -5.6000     4.8000  2104.2704     4.9625
320     7.2000    -4.8000  1710.0390     6.3017
321    -2.4000    -8.0000  1830.0956     9.3138
322     8.0000     2.7775  1851.5624     4.1162
323     7.2000     4.3766  1867.0807     5.4126
324    -4.3806    -7.2000  1873.0896     4.1071
325     4.8000     6.7665  1926.0978     4.6565
326     3.5766     7.2000  1949.1382     3.7758
327    -6.7720    -4.8000  1921.6776     4.3334
328    -2.4000     7.2000  2053.5870     5.2898
329    -4.0000     6.4000  2097.9775     6.7556
330    -6.4000     4.0000  2083.6223     4.8853
331     8.0000    -4.0000  1735.2113     6.7616
332     8.8000    -0.8000  1794.8186     5.1432
333     8.8000     0.3868  1808.0491     4.0737
334     0.8000    -8.8000  1763.7376     5.2067
335     0.0000    -8.8000  1782.8941     5.0768
336     6.4000    -6.4000  1700.6359     6.6957
337     8.8000    -1.6000  1779.3651     5.8664
338    -3.5843    -8.0000  1843.3469     4.4018
339     1.6000    -8.8000  1757.5687     5.5318
340    -0.8000    -8.8000  1800.0909     6.5532
341     7.2000    -5.6000  1706.9696     8.0614
342     5.6000    -7.2000  1697.9493     8.1271
343    -7.5183    -4.0000  1938.9222     5.0585
344    -5.6000    -6.7756  1888.0577     5.1941
345     2.4000    -8.8000  1744.2294     4.6702
346    -8.2415    -1.0712  1993.3486     5.5914
347    -8.0000     0.4114  2019.6385     5.0420
348    -1.9903    -8.8000  1822.2369     6.0741
349     8.8000    -2.8110  1750.0394     3.9864
350    -7.2000     3.5988  2081.8642     4.4390
351     0.3730     8.0000  2010.2353     4.1024
352    -3.5892     7.2000  2083.2186     8.9617
353     1.6000     8.0000  1988.2791     6.3745
354     8.8000     1.9813  1828.6047     4.9905
355    -0.8000     8.0000  2030.3984     6.8657
356    -5.6000     5.6000  2110.9087     5.0850
357     4.8000    -8.0000  1698.8237     5.7396
358     8.0000    -4.8000  1719.6811     5.1457
359    -6.7612     4.8000  2100.3306     3.5761
360    -4.8000     6.4000  2099.6572     5.3411
361    -8.0000    -2.7847  1958.2934     6.1915
362     2.7779     8.0000  1965.6038     4.4606
363    -8.0000     2.0065  2046.3859     4.6304
364    -2.0004     8.0000  2049.4161     3.8362
365     8.0000     4.3758  1869.2479     4.8577
366     6.4000    -7.2000  1682.4606     6.4704
367     7.2000    -6.4000  1700.8445     6.9443
368     8.8000    -4.0000  1738.0809     5.3035
369    -6.7693    -6.4000  1903.3180     4.7575
370    -3.5841    -8.8000  1846.7585     4.4799
371     5.6000    -8.0000  1689.0679     5.0984
372     8.0000    -5.6000  1706.7220     5.0370
373     0.8000    -9.9673  1770.7813     3.6179
374     0.0000    -9.9688  1787.2960     4.1361
375     7.2000     5.9718  1888.3893     7.0544
376     9.9158    -0.8000  1781.6112     5.5199
377     8.8000     3.5743  1855.2199     6.2096
378     6.4000     6.7692  1908.3954     6.8045
379     9.9141     0.0000  1791.5898     5.7110
380     1.6000    -9.6000  1751.8850     4.9794
381     9.9692    -1.6000  1782.1046     7.0707
382    -0.8000    -9.9775  1797.5971     5.0566
383    -5.1736    -8.0000  1870.7257     5.2101
384     9.9669     0.8000  1809.2145     5.9182
385     2.4000    -9.6000  1748.3347     5.5097
386    -7.5686    -5.6000  1926.9904     5.1196
387     9.9668    -2.4000  1763.4946     4.8161
388     4.0000     8.3653  1948.2587     5.2212
389     4.8000    -8.8000  1694.7145     4.5369
390     8.8000    -5.1357  1713.7309     6.7510
391     5.6000     7.5663  1924.5908     5.6604
392    -1.6000    -9.9755  1821.1574     5.4077
393     9.9654     1.6000  1822.9322     4.6587
394    -6.7701     5.6000  2101.4834     4.2702
395    -5.6000     6.7770  2109.3578     4.3592
396    -8.0000     3.5994  2078.5772     4.1546
397    -3.5918     8.0000  2080.7523     4.7084
398     0.3789     8.8000  2016.8549     4.5635
399    -9.0508     0.5372  2026.5685     3.9096
400    -9.0439    -1.8677  1987.3609     4.7752
401    -4.8000     7.5833  2093.5908     4.1855
402     2.0323     8.8000  1982.3188     5.1051
403    -1.2126     8.8000  2046.0168     4.9096
404     7.2000    -7.5503  1683.2779     6.0129
405     9.8967    -3.2000  1743.8912     4.4621
406     3.2000    -9.6000  1729.4089     5.8254
407     8.0000    -6.7889  1695.4496     5.3499
408     6.4000    -8.0000  1681.7525     6.7955
409     9.9621     2.4000  1827.8276     5.1226
410    -2.4000    -9.9691  1828.4006     5.1308
411     4.8000     8.3658  1938.3846     6.9026
412    -8.4712    -5.0231  1933.2805     6.0565
413    -8.8000     2.0070  2044.5740     4.4945
414    -6.7681    -7.2000  1890.0121     4.8383
415     8.2459     5.8596  1877.3793     5.0705
416     5.6000    -9.1087  1693.1735     4.3959
417     4.0000    -9.9704  1718.2642     3.9675
418     9.8377    -4.2852  1738.2361     6.0975
419    -8.9883    -3.7032  1953.2795     5.7912
420     3.2000     9.1675  1977.3512     5.6962
421    -3.2000    -9.9706  1839.7895     5.1910
422     9.8464     3.4597  1842.4809     5.4739
423    -5.1745    -8.8000  1861.7782     5.4834
424    -2.8031     8.8000  2065.0137     4.1687
425     9.2904     5.0324  1875.4381     4.2753
426    -6.7805     6.4000  2102.9930     4.8034
427     2.0138   -10.4000  1749.5236     4.0097
428     4.8000    -9.9740  1696.8772     3.7934
429     6.7871    -8.8000  1682.5684     5.8356
430     8.8000    -6.7915  1698.8679     4.8959
431    -4.0000    -9.9696  1843.8793     6.6954
432    -8.8000     3.6012  2075.8966     4.3284
433    -8.0000     5.1942  2081.9102     4.8921
434    -9.8344    -0.5022  1995.5118     4.2990
435    -6.6512    -8.2552  1891.5280     5.4903
436     3.2000   -10.7666  1735.0770     4.0130
437     0.5383     9.8008  2013.4069     5.4741
438     1.9136     9.8220  1984.9283     4.6716
439     7.4529     7.4503  1912.4763    10.0494
440    -1.0946     9.8297  2037.3597     6.6086
441    -9.9677    -2.7818  1965.0749     4.7539
442    -8.3700    -6.7774  1912.5721     4.1794
443    -9.8361     1.8862  2038.9083     4.3286
444     9.9656    -5.6000  1717.1904     6.9730
445     6.6291     8.4912  1922.0151     4.8787
446    -4.4013     8.8000  2092.4530     4.0437
447    -6.7864     7.2000  2113.1198     4.5883
448    -5.0587    -9.8494  1855.4283     5.9246
449    -5.9879     8.0000  2110.7282     4.1274
450    -2.6867     9.8325  2060.9821     3.5997
451     8.0000    -8.3837  1675.1367     4.3015
452     5.3248     9.3168  1935.6256     4.5637
453     0.4120   -11.2000  1780.4135     7.8961
454    11.5295    -1.1731  1781.4897     3.8381
455    11.5674     0.3823  1810.1758     4.3577
456     1.9895   -11.2000  1747.8677     4.4993
457    -1.1869   -11.2000  1804.5391     7.2162
458    10.9069    -5.0551  1724.8654     5.3644
459     3.7286    10.1121  1964.4007     4.0182
460     6.4000    -9.9750  1687.4417     5.7056
461     9.9726    -6.4000  1710.8157     7.5235
462    -8.8000     5.1948  2098.8065     4.5138
463     9.1681     6.7743  1895.4504     4.8062
464    11.5683    -2.8098  1762.7748     3.4255
465    10.7662     4.3758  1855.2666     5.4255
466    11.5238     1.9884  1824.1535     5.2228
467    -9.8442     3.4777  2063.5490     4.5013
468    -0.0313    10.9711  2015.3247     4.4671
469   -10.7698     0.4133  2014.0496     4.0468
470   -11.1489    -1.5728  1978.4792     5.0349
471    -9.9372    -5.2094  1931.2169     5.5260
472    -8.0000     6.7930  2107.8522     5.4142
473    -2.6640   -11.4484  1826.3034     6.4351
474     5.3430   -10.9105  1687.0639     4.0983
475     8.8000    -8.3820  1679.4206     4.7221
476     2.3614    10.9729  1989.5005     4.6953
477    -4.2882     9.8319  2088.8025     4.0370
478    -1.8042    11.1322  2050.9112     3.9969
479    -5.9888     8.8000  2113.7462     4.1132
480    11.9458    -4.2036  1747.5647     5.2239
481     4.0000   -11.5044  1718.1540     4.7934
482     9.8490    -7.4678  1686.3950     4.0415
483     7.2000    -9.9773  1687.5421     4.5798
484    11.6911     3.4324  1850.8139     8.7798
485     8.3704     8.3687  1900.2658     5.9142
486    -7.4517    -9.0585  1898.0709     6.7155
487    -8.4996    -8.2358  1907.8566     6.5495
488   -10.9097     2.6600  2040.8607     4.4672
489    -6.6350   -10.1005  1878.5474     5.7747
490     0.4091   -12.0000  1780.6845     8.6166
491   -11.2856    -3.8532  1959.5573     5.7885
492    -9.8493     5.0734  2083.6967     3.9499
493     1.9630   -12.0000  1750.5830     5.7279
494    -1.0661   -12.2471  1805.1119     9.5041
495    -4.3810   -11.5734  1846.9178     5.4046
496    -5.7846   -11.1492  1869.7055     4.7710
497    -7.5859     8.0000  2118.2957     6.9729
498    13.1134     0.8141  1828.6381    11.2775
499    -3.4595    10.9075  2066.0425     4.4187
500    -8.8000     6.7906  2113.4289     5.4212
501    -9.8720    -7.0647  1922.7278     5.2480
502    10.6973     6.2090  1882.3153     4.7316
503     8.2605    -9.8559  1676.9085     3.8927
504     2.9410   -12.4870  1747.1482     3.6578
505     6.7748     9.9701  1934.7379     5.0431
506     5.1779    10.7678  1957.9105     5.5327
507   -10.9130     4.2578  2070.0816     5.7879
508    -5.6000     9.9645  2109.2088     4.6751
509   -11.7749     1.6282  2037.9626     4.1742
510    -3.4406   -12.5041  1841.9868     8.2128
511    -7.5881     8.8000  2119.5207     5.0239
512     6.6717   -11.4466  1684.7717     4.3581
513    11.4405    -6.6788  1721.9637     8.8673
514     5.0780   -12.2412  1699.8789     4.6536
515     0.5101   -13.0067  1775.8594     4.8165
516    -5.0534    10.9005  2100.7928     5.3765
517     1.8603   -13.3104  1761.0842     6.9461
518     9.8552    -9.0633  1670.8773     4.1332
519    13.1680    -1.6495  1783.5518     4.2301
520    -9.8508     6.6739  2114.9779     4.2680
521     4.0118    11.9063  1964.9162     4.5803
522    -6.6703     9.8444  2123.8563     3.6090
523    10.9078    -8.2488  1701.1913     5.5857
524    -1.8640   -13.0499  1815.6968     5.2193
525    -8.3064   -10.2032  1886.1294     6.4116
526   -12.8203    -0.0864  2006.6572     4.5729
527   -10.9115     5.8557  2089.1618     4.3732
528    10.1118     8.8344  1908.9509     4.4636
529    12.5800    -5.6118  1732.6042     8.8017
530    -5.0619   -13.0519  1859.2404     6.7074
531    13.6881    -3.5203  1764.6253     5.6128
532     0.1051    12.2806  2009.9404     4.8128
533   -13.1125    -2.3757  1974.4650     4.5557
534     2.2014    12.6782  1982.6352     5.7191
535    -9.0560     8.2635  2114.7734     4.1731
536     8.3735    10.3355  1923.7922     5.7811
537    13.3985     3.2647  1828.0648     5.3049
538    12.3699     5.5552  1853.8049     7.6434
539     4.0076   -13.3767  1717.3108     4.7153
540   -12.1741    -5.7330  1935.9127     6.3428
541     9.0602   -10.6596  1679.4500     6.5917
542    -2.8082    12.3740  2050.4589     5.4681
543     7.7379   -11.7182  1691.2491     5.4945
544    -0.4025   -13.9574  1792.9121     4.9884
545   -10.0478    -8.9809  1903.1536     8.7897
546   -12.3735     3.6063  2052.1757     3.9816
547    -7.1669   -11.9673  1872.7472     5.9371
548    15.2600     0.0236  1808.8661     5.3375
549     5.9995   -13.1759  1702.2050     4.5491
550     6.5072    11.8251  1949.6929     5.2755
551    12.3787    -7.5983  1709.0114     3.7175
552    11.9370     7.9493  1892.2145     5.1890
553    -2.7861   -13.9740  1818.8299     7.4778
554    -8.2626     9.8550  2137.6957     3.8238
555    10.6565    -9.8639  1677.3132     5.1703
556    -4.4081    12.3727  2077.8371     4.3260
557   -10.6489     7.4662  2121.4142     4.1085
558   -11.8520    -7.9864  1922.5130     5.1528
559    -6.9469    10.9087  2123.4340     4.2812
560    -1.4781    13.4177  2030.7257     4.2955
561   -13.2553     2.2594  2037.1818     7.1734
562   -12.3732     5.2009  2077.5851     4.7074
563   -14.2875    -4.5363  1956.8258     4.7515
564    -4.2910   -14.4944  1840.9712     5.5682
565    -9.8504     9.0646  2134.3409     4.3887
566     0.9420   -14.8290  1778.7280     7.4879
567    13.8858    -5.4743  1736.2257     5.4061
568     3.2169   -14.7673  1742.3578     4.8582
569     7.5982   -13.1747  1686.2659     4.2942
570    -1.5018   -15.2450  1806.0666     5.3255
571    -6.2443   -13.6953  1856.5979     5.1302
572     9.9863   -11.5844  1667.0506     4.5826
573    15.4805    -2.3899  1783.5491     4.7686
574    -9.7923   -11.1669  1881.9148     5.4557
575     8.9926   -12.7591  1684.5892     5.1315
576    -6.0035    12.3734  2102.8359     4.6802
577   -15.1981    -0.7042  2004.3641     5.5727
578    12.3811    -9.1916  1692.6304     6.0735
579    15.6530     2.5917  1833.2395     5.9730
580     5.4934    13.7077  1960.1780     5.1107
581   -15.1132     1.6430  2028.0428     4.3654
582    14.2792     5.5911  1864.1121     5.9882
583     0.2996    14.5894  2007.6965     4.5668
584    10.3523    11.1507  1910.0946     5.1781
585   -12.3752     6.7937  2097.3729     5.5684
586    -9.0612    10.6583  2123.4588     4.6070
587     5.4631   -14.6913  1721.2812     5.2205
588     3.5101    14.6356  1984.2732     5.5736
589    11.5812   -10.7895  1669.7416     4.3436
590   -11.5803     8.3886  2126.0812     4.0958
591    -7.9909    11.7799  2113.9980     4.4140
592    14.4769     7.9603  1886.9643     5.0160
593     8.0755    12.8598  1915.0639     5.7793
594    -3.8685    13.8895  2075.0616     5.7075
595    13.8940    -7.8526  1701.6283     4.8935
596    -8.7569   -13.0885  1874.7739     5.8885
597   -11.8764   -10.2851  1915.0622     6.4980
598    12.6889    10.6275  1886.0932     5.3895
599   -13.8942     4.9572  2075.6987     5.6528
600   -10.7794     9.9951  2134.5758     4.9362
601   -16.3213    -2.7684  1978.3920     6.2709
602    -3.1961   -16.2731  1832.0151     6.0442
603    15.2723    -6.5282  1718.5641     4.4175
604    16.0233    -4.7094  1753.2219     5.2650
605   -15.0551    -7.8876  1940.3628     5.8351
606    -2.3575    15.6484  2035.4204     4.7976
607   -15.2202     3.9019  2043.9965     4.8398
608     7.8501   -14.6982  1688.9410     6.4173
609     0.8265   -16.8618  1782.5167    10.4443
610    -1.3690   -17.7513  1815.5578     6.6546
611    -7.5983    13.1725  2115.7934     4.7528
612    -6.2294    14.0529  2096.2043     4.8888
613    -9.9859    11.5819  2134.1084     6.0979
614     3.2140   -16.7282  1758.7733     4.2577
615    11.3296   -12.4716  1680.1906     5.2227
616   -13.8981     7.0454  2092.5153     4.4425
617   -11.3991   -12.9395  1894.0862     6.3645
618    -7.5775   -15.1658  1859.0327     7.0182
619     6.5295   -16.0775  1721.8960     4.6200
620    -5.4681   -16.3935  1835.6902     6.1923
621    13.2680   -10.5448  1686.0736     4.4457
622   -13.0995     8.9318  2121.5569     4.3683
623    10.2178   -13.9077  1677.0613     6.4723
624     1.7111    17.1374  1996.9495     4.0992
625     5.2905   -17.3060  1744.6176     9.3414
626    -4.8153    15.3629  2071.4904     4.9632
627   -15.7082     6.4071  2064.7946     3.9663
628   -12.2967    10.5282  2140.4346     3.8020
629   -13.7683   -12.2648  1919.0684     6.4997
630    14.7737    -9.5917  1704.3740     7.0520
631    10.6769    13.8397  1926.3836     4.6955
632    -9.4299    13.1000  2128.1709     4.7088
633    17.9522    -1.1524  1797.8010     7.7518
634    18.9022     2.2752  1825.1895     8.7229
635    17.2758     6.2931  1848.0038     5.9462
636     7.7665    15.3313  1953.4954     4.5824
637    16.1731    -8.6797  1705.1537     5.6593
638   -17.5806     1.2936  2018.3565     6.1778
639    18.5097    -4.4417  1775.4376     4.3323
640   -10.9644   -15.4857  1872.5573     7.8035
641   -11.6877    12.0904  2131.4234     3.8779
642     5.5946    17.3916  1966.0767     5.5591
643    -1.3446    18.0865  2017.1059     7.3163
644    13.1813   -12.7539  1679.4640     3.3743
645     9.5861   -15.5786  1689.7733     6.1429
646   -18.0633    -5.8382  1956.6850     5.7938
647     2.7270   -19.1658  1771.5075     5.7383
648     8.6617   -16.9649  1710.4154     4.7306
649    14.5514    13.8254  1918.7762     7.7558
650   -14.7507     8.7532  2112.7820     5.1817
651    -8.7918    14.7730  2114.8034     4.3822
652    -7.0824    16.0279  2095.1976     3.8798
653   -18.9608    -1.4252  1989.5375     9.8584
654    16.0012    10.3814  1895.1288     6.9488
655    17.9604    -7.1183  1746.4111     6.4797
656    11.8476   -14.5156  1683.5829     3.3457
657    -4.1561   -19.3815  1829.6840     6.1539
658    14.9292   -11.9643  1692.3766     7.1691
659   -17.5471     4.3269  2051.7863     4.7575
660     0.0742   -20.2391  1793.7464     6.3625
661    -4.5648    17.5945  2049.3290     5.4123
662   -14.2699    11.3491  2114.3822     5.3642
663    -7.7664   -18.1695  1844.7757     8.8453
664   -11.0726    14.1356  2128.7875     3.7689
665   -17.0232     8.1427  2075.6103     6.2690
666   -13.7655    13.5497  2115.9602     4.8601
667    10.3047    17.3870  1939.3113     7.5440
668     7.0573   -18.9527  1736.2590     4.8629
669    16.8167   -11.0569  1703.3506     8.3771
670   -19.1141     6.2230  2040.2322     5.5298
671    11.2936   -16.8394  1698.4406     4.3350
672    -9.5921    16.7277  2108.3262     4.0832
673    18.6747    -9.7247  1714.9573     3.3554
674    13.6644   -15.2801  1675.9983     3.4121
675    15.8423   -13.6731  1687.8155     3.8343
676     4.8263   -20.9491  1760.3972     9.6711
677   -16.5790    10.2634  2102.0069     9.4609
678   -11.7401    16.1578  2122.6421     6.5553
679    -7.2064    18.6371  2074.5380     4.7241
680    22.1158     4.4749  1844.3424     5.6741
681    21.3656    -1.7737  1802.7756     6.7766
682     9.9266   -19.1598  1713.9740     4.7231
683    13.5603   -17.5248  1690.6391     6.0129
684   -20.6175     2.6335  2019.0256     7.0224
685     0.6159    21.1511  2007.1911     5.7288
686   -21.6989    -3.9800  1979.9954     6.3274
687    21.5994    -6.9930  1772.4157     8.7078
688     3.7880    21.4121  1992.2120     7.2914
689    -4.3015    20.1031  2037.0708     5.1821
690     1.9959   -23.7153  1781.8996     6.2489
691    18.7289   -13.3500  1709.1411     5.0484
692    -1.4972   -22.6052  1812.6150     7.9049
693    15.9485   -16.3035  1692.0066     5.5900
694    -2.2017    22.6570  2016.6853     5.2267
695    12.5256   -20.0373  1701.1698     6.4161
696     8.2723   -22.0828  1751.7068     4.7997
697    -9.8962    19.3678  2078.6912     5.7035
698   -23.0585    -0.5336  1999.8840     4.1559
699    21.3501   -11.0457  1736.4681     6.4950
700    -6.7512    22.6015  2063.3599     4.4637
701    25.3046    -4.3637  1782.1477     9.9428
702     5.1051   -25.4414  1775.2683     8.9154
703    11.7858   -23.2430  1724.8542     5.7301
704    18.3069   -16.2705  1707.6500     9.8582
705    15.4382   -19.7728  1699.4408     7.6553
706    25.9884     0.7710  1825.7336     5.5180
707    -2.5127    26.3457  2034.6698     4.3806
708     8.2412   -27.0339  1755.0914     4.3581
