  -2.797   -30.000    -2.797     1.203
  -3.476    -2.572    -2.521     4.480
  -4.190    -2.530    -2.520     4.781
  -4.866    -2.813    -2.809     4.880
  -5.075    -2.998    -2.995     4.934
  -5.190   -30.000    -5.190     4.935
  -5.257   -30.000    -5.257     4.935
  -5.349   -30.000    -5.349     4.935
  -5.459   -30.000    -5.459     4.935
  -5.506   -30.000    -5.506     4.936
  -5.392   -30.000    -5.392     4.936
  -4.909   -30.000    -4.909     4.936
  -4.275   -30.000    -4.275     4.939
  -4.050   -30.000    -4.050     4.944
  -3.924   -30.000    -3.924     4.949
  -3.813   -30.000    -3.813     4.957
  -3.826   -30.000    -3.826     4.964
  -4.075   -30.000    -4.075     4.968
  -4.181   -30.000    -4.181     4.971
  -4.251   -30.000    -4.251     4.974
  -4.258   -30.000    -4.258     4.976
  -4.277   -30.000    -4.277     4.979
  -4.269   -30.000    -4.269     4.981
  -4.244   -30.000    -4.244     4.984
  -4.223   -30.000    -4.223     4.986
  -4.196   -30.000    -4.196     4.989
  -4.167   -30.000    -4.167     4.992
  -4.137   -30.000    -4.137     4.995
  -4.097   -30.000    -4.097     4.999
  -4.033   -30.000    -4.033     5.003
  -3.961   -30.000    -3.961     5.008
  -3.929   -30.000    -3.929     5.013
  -4.043   -30.000    -4.043     5.016
  -4.137   -30.000    -4.137     5.019
  -4.220   -30.000    -4.220     5.022
  -4.278   -30.000    -4.278     5.024
  -4.347   -30.000    -4.347     5.026
  -4.386   -30.000    -4.386     5.028
  -4.414   -30.000    -4.414     5.029
  -4.454   -30.000    -4.454     5.031
  -4.494   -30.000    -4.494     5.032
  -4.500   -30.000    -4.500     5.033
  -4.522   -30.000    -4.522     5.034
  -4.515   -30.000    -4.515     5.036
  -4.511   -30.000    -4.511     5.037
  -4.563   -30.000    -4.563     5.038
  -4.558   -30.000    -4.558     5.039
  -4.596   -30.000    -4.596     5.040
  -4.566   -30.000    -4.566     5.041
  -4.562   -30.000    -4.562     5.042
  -4.605   -30.000    -4.605     5.043
  -4.602   -30.000    -4.602     5.044
  -4.556   -30.000    -4.556     5.045
  -4.622   -30.000    -4.622     5.046
  -4.536   -30.000    -4.536     5.047
  -4.586   -30.000    -4.586     5.048
  -4.548   -30.000    -4.548     5.049
  -4.554   -30.000    -4.554     5.050
  -4.546   -30.000    -4.546     5.052
  -4.524   -30.000    -4.524     5.053
  -4.552   -30.000    -4.552     5.054
  -4.537   -30.000    -4.537     5.055
  -4.535   -30.000    -4.535     5.056
  -4.521   -30.000    -4.521     5.057
  -4.524   -30.000    -4.524     5.058
  -4.529   -30.000    -4.529     5.059
  -4.486   -30.000    -4.486     5.061
  -4.436   -30.000    -4.436     5.062
  -4.523   -30.000    -4.523     5.063
  -4.517   -30.000    -4.517     5.064
  -4.519   -30.000    -4.519     5.065
  -4.513   -30.000    -4.513     5.067
  -4.503   -30.000    -4.503     5.068
  -4.494   -30.000    -4.494     5.069
  -4.437   -30.000    -4.437     5.070
  -4.427   -30.000    -4.427     5.072
  -4.410   -30.000    -4.410     5.073
  -4.495   -30.000    -4.495     5.074
  -4.494   -30.000    -4.494     5.075
  -4.474   -30.000    -4.474     5.077
  -4.473   -30.000    -4.473     5.078
  -4.501   -30.000    -4.501     5.079
  -4.521   -30.000    -4.521     5.080
  -4.511   -30.000    -4.511     5.081
  -4.552   -30.000    -4.552     5.082
  -4.528   -30.000    -4.528     5.083
  -4.565   -30.000    -4.565     5.084
  -4.550   -30.000    -4.550     5.085
  -4.582   -30.000    -4.582     5.086
  -4.597   -30.000    -4.597     5.087
  -4.590   -30.000    -4.590     5.088
  -4.613   -30.000    -4.613     5.089
  -4.621   -30.000    -4.621     5.090
  -4.635   -30.000    -4.635     5.091
  -4.643   -30.000    -4.643     5.091
  -4.658   -30.000    -4.658     5.092
  -4.673   -30.000    -4.673     5.093
  -4.679   -30.000    -4.679     5.094
  -4.668   -30.000    -4.668     5.094
  -4.716   -30.000    -4.716     5.095
