14.575
14.576
14.577
14.578
14.579
14.580
14.581
14.582
14.583
14.584
14.585
14.586
14.587
14.588
14.589
14.590
14.591
14.592
14.593
14.594
14.595
14.596
14.597
14.598
14.599
14.600
14.601
14.602
14.603
14.604
14.605
14.606
14.607
14.608
14.609
14.610
14.611
14.612
14.613
14.614
14.615
14.616
14.617
14.618
14.619
14.620
14.621
14.622
14.623
14.624
14.625
14.626
14.627
14.628
14.629
14.630
14.631
14.632
14.633
14.634
14.635
14.636
14.637
14.638
14.639
14.640
14.641
14.642
14.643
14.644
14.645
14.646
14.647
14.648
14.649
14.650
14.651
14.652
14.653
14.654
14.655
14.656
14.657
14.658
14.659
14.660
14.661
14.662
14.663
14.664
14.665
14.666
14.667
14.668
14.669
14.670
14.671
14.672
14.673
14.674
14.675
14.676
14.677
14.678
14.679
14.680
14.681
14.682
14.683
14.684
14.685
14.686
14.687
14.688
14.689
14.690
14.691
14.692
14.693
14.694
14.695
14.696
14.697
14.698
14.699
14.700
14.701
14.702
14.703
14.704
14.705
14.706
14.707
14.708
14.709
14.710
14.711
14.712
14.713
14.714
14.715
14.716
14.717
14.718
14.719
14.720
14.721
14.722
14.723
14.724
14.725
14.726
14.727
14.728
14.729
14.730
14.731
14.732
14.733
14.734
14.735
14.736
14.737
14.738
14.739
14.740
14.741
14.742
14.743
14.744
14.745
14.746
14.747
14.748
14.749
14.750
14.751
14.752
14.753
14.754
14.755
14.756
14.757
14.758
14.759
14.760
14.761
14.762
14.763
14.764
14.765
14.766
14.767
14.768
14.769
14.770
14.771
14.772
14.773
14.774
14.775
14.776
14.777
14.778
14.779
14.780
14.781
14.782
14.783
14.784
14.785
14.786
14.787
14.788
14.789
14.790
14.791
14.792
14.793
14.794
14.795
14.796
14.797
14.798
14.799
14.800
14.801
14.802
14.803
14.804
14.805
14.806
14.807
14.808
14.809
14.810
14.811
14.812
14.813
14.814
14.815
14.816
14.817
14.818
14.819
14.820
14.821
14.822
14.823
14.824
14.825
14.826
14.827
14.828
14.829
14.830
14.831
14.832
14.833
14.834
14.835
14.836
14.837
14.838
14.839
14.840
14.841
14.842
14.843
14.844
14.845
14.846
14.847
14.848
14.849
14.850
14.851
14.852
14.853
14.854
14.855
14.856
14.857
14.858
14.859
14.860
14.861
14.862
14.863
14.864
14.865
14.866
14.867
14.868
14.869
14.870
14.871
14.872
14.873
14.874
14.875
14.876
14.877
14.878
14.879
14.880
14.881
14.882
14.883
14.884
14.885
14.886
14.887
14.888
14.889
14.890
14.891
14.892
14.893
14.894
14.895
14.896
14.897
14.898
14.899
14.900
14.901
14.902
14.903
14.904
14.905
14.906
14.907
14.908
14.909
14.910
14.911
14.912
14.913
14.914
14.915
14.916
14.917
14.918
14.919
14.920
14.921
14.922
14.923
14.924
14.925
14.926
14.927
14.928
14.929
14.930
14.931
14.932
14.933
14.934
14.935
14.936
14.937
14.938
14.939
14.940
14.941
14.942
14.943
14.944
14.945
14.946
14.947
14.948
14.949
14.950
14.951
14.952
14.953
14.954
14.955
14.956
14.957
14.958
14.959
14.960
14.961
14.962
14.963
14.964
14.965
14.966
14.967
14.968
14.969
14.970
14.971
14.972
14.973
14.974
14.975
14.976
14.977
14.978
14.979
14.980
14.981
14.982
14.983
14.984
14.985
14.986
14.987
14.988
14.989
14.990
14.991
14.992
14.993
14.994
14.995
14.996
14.997
14.998
14.999
15.000
15.001
15.002
15.003
15.004
15.005
15.006
15.007
15.008
15.009
15.010
15.011
15.012
15.013
15.014
15.015
15.016
15.017
15.018
15.019
15.020
15.021
15.022
15.023
15.024
15.025
15.026
15.027
15.028
15.029
15.030
15.031
15.032
15.033
15.034
15.035
15.036
15.037
15.038
15.039
15.040
15.041
15.042
15.043
15.044
15.045
15.046
15.047
15.048
15.049
15.050
15.051
15.052
15.053
15.054
15.055
15.056
15.057
15.058
15.059
15.060
15.061
15.062
15.063
15.064
15.065
15.066
15.067
15.068
15.069
15.070
15.071
15.072
15.073
15.074
15.075
15.076
15.077
15.078
15.079
15.080
15.081
15.082
15.083
15.084
15.085
15.086
15.087
15.088
15.089
15.090
15.091
15.092
15.093
15.094
15.095
15.096
15.097
15.098
15.099
15.100
15.101
15.102
15.103
15.104
15.105
15.106
15.107
15.108
15.109
15.110
15.111
15.112
15.113
15.114
15.115
15.116
15.117
15.118
15.119
15.120
15.121
15.122
15.123
15.124
15.125
15.126
15.127
15.128
15.129
15.130
15.131
15.132
15.133
15.134
15.135
15.136
15.137
15.138
15.139
15.140
15.141
15.142
15.143
15.144
15.145
15.146
15.147
15.148
15.149
15.150
15.151
15.152
15.153
15.154
15.155
15.156
15.157
15.158
15.159
15.160
15.161
15.162
15.163
15.164
15.165
15.166
15.167
15.168
15.169
15.170
15.171
15.172
15.173
15.174
15.175
15.176
15.177
15.178
15.179
15.180
15.181
15.182
15.183
15.184
15.185
15.186
15.187
15.188
15.189
15.190
15.191
15.192
15.193
15.194
15.195
15.196
15.197
15.198
15.199
15.200
15.201
15.202
15.203
15.204
15.205
15.206
15.207
15.208
15.209
15.210
15.211
15.212
15.213
15.214
15.215
15.216
15.217
15.218
15.219
15.220
15.221
15.222
15.223
15.224
15.225
15.226
15.227
15.228
15.229
15.230
15.231
15.232
15.233
15.234
15.235
15.236
15.237
15.238
15.239
15.240
15.241
15.242
15.243
15.244
15.245
15.246
15.247
15.248
15.249
15.250
15.251
15.252
15.253
15.254
15.255
15.256
15.257
15.258
15.259
15.260
15.261
15.262
15.263
15.264
15.265
15.266
15.267
15.268
15.269
15.270
15.271
15.272
15.273
15.274
15.275
15.276
15.277
15.278
15.279
15.280
15.281
15.282
15.283
15.284
15.285
15.286
15.287
15.288
15.289
15.290
15.291
15.292
15.293
15.294
15.295
15.296
15.297
15.298
15.299
15.300
15.301
15.302
15.303
15.304
15.305
15.306
15.307
15.308
15.309
15.310
15.311
15.312
15.313
15.314
15.315
15.316
15.317
15.318
15.319
15.320
15.321
15.322
15.323
15.324
15.325
15.326
15.327
15.328
15.329
15.330
15.331
15.332
15.333
15.334
15.335
15.336
15.337
15.338
15.339
15.340
15.341
15.342
15.343
15.344
15.345
15.346
15.347
15.348
15.349
15.350
15.351
15.352
15.353
15.354
15.355
15.356
15.357
15.358
15.359
15.360
15.361
15.362
15.363
15.364
15.365
15.366
15.367
15.368
15.369
15.370
15.371
15.372
15.373
15.374
15.375
15.376
15.377
15.378
15.379
15.380
15.381
15.382
15.383
15.384
15.385
15.386
15.387
15.388
15.389
15.390
15.391
15.392
15.393
15.394
15.395
15.396
15.397
15.398
15.399
15.400
15.401
15.402
15.403
15.404
15.405
15.406
15.407
15.408
15.409
15.410
15.411
15.412
15.413
15.414
15.415
15.416
15.417
15.418
15.419
15.420
15.421
15.422
15.423
15.424
15.425
15.426
15.427
15.428
15.429
15.430
15.431
15.432
15.433
15.434
15.435
15.436
15.437
15.438
15.439
15.440
15.441
15.442
15.443
15.444
15.445
15.446
15.447
15.448
15.449
15.450
15.451
15.452
15.453
15.454
15.455
15.456
15.457
15.458
15.459
15.460
15.461
15.462
15.463
15.464
15.465
15.466
15.467
15.468
15.469
15.470
15.471
15.472
15.473
15.474
15.475
15.476
15.477
15.478
15.479
15.480
15.481
15.482
15.483
15.484
15.485
15.486
15.487
15.488
15.489
15.490
15.491
15.492
15.493
15.494
15.495
15.496
15.497
15.498
15.499
15.500
 0.915
 0.956
 0.960
 0.938
 0.969
 0.969
 0.999
 0.915
 0.944
 0.930
 0.928
 0.935
 0.896
 0.985
 0.932
 0.931
 1.004
 0.957
 0.927
 0.972
 0.939
 1.018
 0.949
 0.947
 0.981
 0.964
 0.921
 0.972
 0.946
 1.014
 0.918
 0.940
 0.965
 0.992
 0.946
 0.926
 0.967
 0.958
 1.002
 0.925
 0.945
 0.937
 0.933
 0.932
 0.945
 0.908
 0.940
 0.917
 0.939
 0.929
 0.953
 0.984
 1.008
 0.983
 0.992
 0.975
 0.954
 0.973
 0.927
 0.955
 0.931
 0.943
 0.952
 0.941
 0.942
 0.932
 0.965
 0.984
 0.952
 0.959
 0.945
 0.962
 0.954
 0.977
 1.078
 1.040
 1.059
 1.073
 1.136
 1.198
 1.272
 1.457
 1.742
 2.781
 3.065
 3.514
 2.354
 1.792
 1.435
 1.195
 1.191
 1.114
 1.080
 1.076
 1.025
 1.012
 0.990
 0.997
 1.019
 0.998
 0.985
 0.945
 0.982
 0.957
 0.955
 0.929
 0.952
 0.935
 0.901
 0.914
 0.932
 0.921
 0.923
 0.941
 0.932
 0.941
 0.932
 0.973
 0.974
 0.955
 0.965
 0.960
 0.935
 0.888
 0.953
 0.944
 0.960
 0.957
 0.934
 0.966
 0.994
 0.977
 1.038
 1.059
 0.975
 0.985
 0.969
 0.953
 0.962
 0.918
 0.925
 0.920
 0.927
 0.923
 0.956
 0.918
 0.931
 0.925
 0.927
 0.904
 0.896
 0.925
 0.906
 0.908
 0.892
 0.916
 0.914
 0.935
 0.934
 0.955
 0.925
 0.917
 0.908
 0.898
 0.919
 0.912
 0.941
 0.932
 0.942
 0.919
 0.941
 0.953
 0.979
 0.979
 0.976
 0.996
 1.042
 1.033
 1.047
 1.021
 0.977
 1.006
 1.019
 0.988
 0.997
 0.984
 1.023
 0.973
 0.982
 1.031
 0.980
 0.966
 0.944
 0.939
 0.927
 0.951
 0.930
 0.960
 0.981
 0.981
 1.035
 1.102
 2.217
 1.243
 1.047
 1.048
 1.270
 1.192
 1.111
 1.163
 1.168
 1.228
 1.276
 1.389
 1.529
 1.844
 1.527
 1.356
 1.222
 1.148
 1.083
 1.059
 1.011
 1.001
 0.996
 1.002
 1.010
 0.996
 1.010
 1.000
 1.027
 1.084
 1.058
 1.063
 1.067
 1.097
 1.122
 1.113
 1.099
 1.082
 1.128
 1.133
 1.132
 1.132
 1.112
 1.076
 1.106
 1.102
 1.102
 1.058
 1.042
 1.036
 1.003
 0.995
 0.972
 0.973
 0.992
 1.016
 1.011
 1.021
 1.038
 1.089
 1.202
 1.179
 1.253
 1.168
 1.102
 1.035
 0.984
 0.979
 0.960
 0.926
 0.931
 0.930
 0.943
 0.928
 0.901
 0.897
 0.881
 0.899
 0.916
 0.905
 0.904
 0.893
 0.896
 0.918
 0.943
 0.957
 0.969
 0.986
 0.971
 0.931
 0.929
 0.902
 0.889
 0.886
 0.873
 0.887
 0.888
 0.883
 0.884
 0.903
 0.912
 0.930
 0.931
 0.915
 0.897
 0.858
 0.903
 0.909
 0.914
 0.928
 0.941
 0.939
 1.049
 0.955
 0.937
 0.909
 0.891
 0.902
 0.896
 0.894
 0.872
 0.898
 0.917
 0.915
 0.932
 0.949
 0.918
 0.921
 1.089
 0.944
 0.916
 0.915
 0.914
 0.912
 0.904
 0.909
 0.911
 0.910
 0.909
 0.915
 0.922
 0.912
 0.911
 0.908
 0.911
 0.912
 0.908
 0.904
 0.897
 0.893
 0.889
 0.892
 0.898
 0.913
 0.922
 0.933
 0.942
 0.941
 0.942
 0.946
 0.944
 0.937
 0.934
 0.936
 0.942
 1.000
 0.955
 0.938
 0.935
 0.919
 0.917
 0.919
 0.906
 0.901
 0.900
 0.917
 0.910
 0.905
 0.896
 0.898
 0.906
 0.918
 0.913
 0.919
 0.929
 0.922
 0.924
 0.922
 0.915
 0.919
 0.918
 0.925
 0.924
 0.933
 0.932
 0.939
 0.943
 0.926
 0.916
 0.911
 0.899
 0.894
 0.892
 0.892
 0.905
 0.895
 0.877
 0.863
 0.849
 0.839
 0.841
 0.843
 0.839
 0.836
 0.831
 0.829
 0.828
 0.825
 0.819
 0.817
 0.825
 0.831
 0.850
 0.865
 0.880
 0.891
 0.897
 0.899
 0.905
 0.911
 0.907
 0.907
 0.902
 0.901
 0.885
 0.878
 0.870
 0.876
 0.882
 0.895
 0.899
 0.913
 0.927
 0.934
 0.947
 0.965
 0.976
 1.004
 1.014
 1.049
 1.123
 1.239
 1.348
 1.368
 1.265
 1.140
 1.056
 1.013
 0.983
 0.973
 0.967
 0.957
 0.936
 0.927
 0.914
 0.904
 0.894
 0.884
 0.875
 0.870
 0.863
 0.854
 0.860
 0.861
 0.851
 0.844
 0.844
 0.855
 0.866
 0.882
 0.888
 0.892
 0.895
 0.893
 0.891
 0.887
 0.892
 0.894
 0.900
 0.901
 0.905
 0.909
 0.911
 0.914
 0.920
 0.923
 0.925
 0.925
 0.928
 0.931
 0.932
 0.933
 0.936
 0.938
 0.937
 0.936
 0.938
 0.943
 0.937
 0.925
 0.925
 0.932
 0.939
 0.944
 0.944
 0.958
 0.953
 0.931
 0.925
 0.913
 0.911
 0.909
 0.907
 0.903
 0.900
 0.902
 0.904
 0.903
 0.900
 0.904
 0.911
 0.918
 0.929
 0.937
 0.923
 0.911
 0.898
 0.897
 0.890
 0.883
 0.878
 0.866
 0.860
 0.850
 0.842
 0.839
 0.831
 0.832
 0.825
 0.820
 0.818
 0.826
 0.833
 0.832
 0.828
 0.829
 0.819
 0.820
 0.823
 0.827
 0.831
 0.836
 0.842
 0.842
 0.838
 0.835
 0.835
 0.839
 0.845
 0.849
 0.849
 0.848
 0.851
 0.855
 0.863
 0.867
 0.876
 0.883
 0.888
 0.885
 0.890
 0.895
 0.901
 0.897
 0.901
 0.894
 0.884
 0.870
 0.862
 0.858
 0.850
 0.845
 0.844
 0.843
 0.845
 0.837
 0.844
 0.845
 0.845
 0.848
 0.848
 0.844
 0.846
 0.839
 0.832
 0.839
 0.847
 0.857
 0.872
 0.881
 0.890
 0.898
 0.907
 0.933
 0.971
 1.007
 1.053
 1.119
 1.197
 1.245
 1.226
 1.178
 1.155
 1.121
 1.068
 1.019
 0.986
 0.965
 0.954
 0.955
 0.949
 0.949
 0.935
 0.914
 0.895
 0.881
 0.871
 0.863
 0.857
 0.862
 0.862
 0.860
 0.857
 0.857
 0.851
 0.854
 0.857
 0.866
 0.869
 0.862
 0.860
 0.859
 0.855
 0.857
 0.864
 0.872
 0.881
 0.894
 0.889
 0.876
 0.866
 0.867
 0.871
 0.866
 0.870
 0.866
 0.862
 0.856
 0.850
 0.835
 0.843
 0.837
 0.845
 0.840
 0.856
 0.866
 0.883
 0.905
 0.915
 0.922
 0.918
 0.919
 0.910
 0.916
 0.935
 0.955
 0.957
 0.951
 0.942
 0.928
 0.929
 0.922
 0.926
 0.919
 0.921
 0.915
 0.916
 0.918
 0.923
 0.928
 0.934
 0.947
 0.964
 0.987
 1.016
 1.067
 1.125
 1.196
 1.330
 1.489
 1.595
 1.580
 1.468
 1.351
 1.257
 1.175
 1.109
 1.038
 0.993
 0.947
 0.922
 0.906
 0.877
 0.867
 0.866
 0.852
 0.846
 0.846
 0.826
 0.820
 0.817
 0.808
 0.808
 0.792
 0.792
 0.797
 0.782
 0.781
 0.779
 0.780
 0.776
 0.783
 0.791
 0.793
 0.802
 0.818
 0.828
 0.840
 0.866
 0.890
 0.916
 0.960
 1.016
 1.069
 1.069
 1.070
 1.061
 1.035
 0.992
 0.959
 0.938
 0.908
 0.904
 0.898
 0.913
 0.905
 0.893
 0.901
 0.892
 0.906
 0.916
 0.932
 0.943
 0.973
 0.978
 0.972
 0.959
 0.935
 0.954
 0.951
 0.958
 1.009
 1.052
 1.076
 1.098
 1.097
 1.067
 1.044
 1.030
 1.008
 1.010
 1.017
 1.030
 1.057
 1.073
 1.118
 1.180
 1.245
 1.299
 1.310
 1.355
 1.387
 1.463
 1.550
 1.680
 1.900
 2.100
 2.187
 2.188
 2.164
 2.233
 2.371
 2.536
 2.856
 3.141
 3.665
 3.235
 2.608
 2.279
 1.928
 1.795
 1.521
 1.477
 1.307
 1.250
 1.183
 1.067
 0.985
 1.028
 1.045
 1.056
 1.000
 0.931
 0.886
 0.877
 0.856
 0.856
 0.882
 0.876
 0.816
 0.842
 0.833
 0.804
 0.823
 0.865
 0.867
 0.851
 0.937
 0.855
 0.905
 0.975
 0.945
 0.962
 0.881
 0.975
 0.910
 0.920
 0.913
 0.827
 0.819
 0.869
 0.873
 0.849
 0.910
 0.905
 0.906
 0.920
 1.090
 0.975
 1.019
 1.020
 1.097
 1.075
 1.149
 1.073
 1.163
 1.085
 1.059
 1.186
 1.140
 1.147
 1.147
 1.200
 1.402
 1.505
 1.587
 1.458
 1.534
 1.490
 1.384
 1.105
 1.240
 1.008
 1.110
 0.984
 0.900
 0.948
 0.980
 0.929
 0.845
 0.868
 0.962
 1.033
 1.008
 1.076
 1.240
 1.048
 0.942
 1.102
 0.935
 1.051
 1.093
 1.039
 0.927
 1.081
 0.881
 0.905
 0.868
 0.842
 0.716
 0.832
 0.972
 0.921
 0.952
